UTCDateTime,mac_address,firmware_ver,hardware,current_temp_f,current_humidity,current_dewpoint_f,pressure,adc,mem,rssi,uptime,pm1_0_cf_1,pm2_5_cf_1,pm10_0_cf_1,pm1_0_atm,pm2_5_atm,pm10_0_atm,pm2.5_aqi_cf_1,pm2.5_aqi_atm,p_0_3_um,p_0_5_um,p_1_0_um,p_2_5_um,p_5_0_um,p_10_0_um,pm1_0_cf_1_b,pm2_5_cf_1_b,pm10_0_cf_1_b,pm1_0_atm_b,pm2_5_atm_b,pm10_0_atm_b,pm2.5_aqi_cf_1_b,pm2.5_aqi_atm_b,p_0_3_um_b,p_0_5_um_b,p_1_0_um_b,p_2_5_um_b,p_5_0_um_b,p_10_0_um_b,gas
2022/02/02T00:01:43z,84:f3:eb:7d:7:a8,6.01,2.0+OPENLOG+15552 MB+DS3231+BME280+PMSX003-B+PMSX003-A,45,46,25,990.73,nan,36656,0,121,8.34,12.44,14.78,8.34,12.44,14.78,52,52,1382.85,395.34,79.17,6.15,1.80,1.80,8.55,15.02,15.55,8.55,15.02,15.55,57,57,1403.78,412.67,85.85,8.05,0.45,0.00
2022/02/02T00:03:42z,84:f3:eb:7d:7:a8,6.01,2.0+OPENLOG+15552 MB+DS3231+BME280+PMSX003-B+PMSX003-A,45,46,25,990.81,0.05,36568,0,240,8.18,12.71,14.84,8.18,12.71,14.84,52,52,1399.07,394.32,74.66,7.61,1.89,0.96,8.52,14.74,17.81,8.52,14.74,17.81,57,57,1427.64,417.52,82.64,12.74,3.66,1.76
2022/02/02T00:05:42z,84:f3:eb:7d:7:a8,6.01,2.0+OPENLOG+15552 MB+DS3231+BME280+PMSX003-B+PMSX003-A,45,45,25,990.90,0.05,36568,0,360,7.90,11.72,13.24,7.90,11.72,13.24,49,49,1335.00,375.71,69.47,6.48,0.59,0.38,7.89,12.82,14.20,7.89,12.82,14.20,53,53,1286.24,381.71,73.71,6.98,1.82,0.95
2022/02/02T00:07:42z,84:f3:eb:7d:7:a8,6.01,2.0+OPENLOG+15552 MB+DS3231+BME280+PMSX003-B+PMSX003-A,44,45,24,990.89,0.05,36568,0,480,8.34,12.93,15.19,8.34,12.93,15.19,53,53,1437.52,401.97,81.64,7.72,2.21,0.52,9.29,15.34,16.75,9.29,15.34,16.75,58,58,1504.66,446.59,90.30,6.91,1.82,0.93
2022/02/02T00:09:42z,84:f3:eb:7d:7:a8,6.01,2.0+OPENLOG+15552 MB+DS3231+BME280+PMSX003-B+PMSX003-A,44,46,24,990.94,0.05,36568,0,600,8.39,12.12,13.79,8.39,12.12,13.79,51,51,1380.70,396.61,70.32,6.39,0.68,0.21,9.44,14.56,15.41,9.44,14.56,15.41,56,56,1540.78,446.20,76.59,6.44,1.36,0.41
2022/02/02T00:11:42z,84:f3:eb:7d:7:a8,6.01,2.0+OPENLOG+15552 MB+DS3231+BME280+PMSX003-B+PMSX003-A,44,46,24,990.92,0.05,36504,0,720,8.25,12.32,14.00,8.25,12.32,14.00,51,51,1385.58,387.37,67.32,7.30,2.21,0.28,9.26,15.04,17.18,9.26,15.04,17.18,57,57,1495.32,439.32,94.00,10.49,3.09,0.77
2022/02/02T00:13:42z,84:f3:eb:7d:7:a8,6.01,2.0+OPENLOG+15552 MB+DS3231+BME280+PMSX003-B+PMSX003-A,45,45,25,991.04,0.05,36504,0,840,8.16,13.46,14.81,8.16,13.46,14.81,54,54,1368.05,389.77,77.56,5.75,1.33,1.12,8.59,13.86,14.66,8.59,13.86,14.66,55,55,1429.07,422.46,73.07,5.80,0.92,0.00
2022/02/02T00:15:42z,84:f3:eb:7d:7:a8,6.01,2.0+OPENLOG+15552 MB+DS3231+BME280+PMSX003-B+PMSX003-A,44,45,24,991.04,0.05,36504,0,960,9.05,14.66,17.34,9.05,14.66,17.34,56,56,1580.59,438.12,92.84,8.21,2.83,0.34,8.95,16.34,19.50,8.95,16.34,19.50,60,60,1540.07,453.75,97.27,11.54,4.18,1.07
2022/02/02T00:17:42z,84:f3:eb:7d:7:a8,6.01,2.0+OPENLOG+15552 MB+DS3231+BME280+PMSX003-B+PMSX003-A,44,45,24,991.17,0.05,36504,0,1080,9.16,13.52,14.38,9.16,13.52,14.38,54,54,1536.31,434.10,78.83,5.62,0.76,0.00,9.65,16.77,18.95,9.65,16.77,18.95,61,61,1584.26,459.89,98.42,9.91,2.53,1.33
2022/02/02T00:19:42z,84:f3:eb:7d:7:a8,6.01,2.0+OPENLOG+15552 MB+DS3231+BME280+PMSX003-B+PMSX003-A,45,45,25,991.16,0.05,36504,0,1200,8.79,13.97,15.64,8.79,13.97,15.64,55,55,1446.16,419.53,77.43,8.31,1.14,0.79,8.69,13.64,15.41,8.69,13.64,15.41,54,54,1383.20,406.24,78.05,7.66,2.51,0.41
2022/02/02T00:21:42z,84:f3:eb:7d:7:a8,6.01,2.0+OPENLOG+15552 MB+DS3231+BME280+PMSX003-B+PMSX003-A,45,45,25,991.22,nan,36656,0,119,8.63,13.59,15.68,8.63,13.59,15.68,54,54,1449.15,413.02,72.88,7.61,2.54,0.00,8.82,14.02,15.60,8.82,14.02,15.60,55,55,1414.65,414.27,79.55,7.00,1.80,1.55
2022/02/02T00:23:42z,84:f3:eb:7d:7:a8,6.01,2.0+OPENLOG+15552 MB+DS3231+BME280+PMSX003-B+PMSX003-A,45,45,24,991.19,0.05,36568,0,239,7.35,12.47,14.39,7.35,12.47,14.39,52,52,1264.63,358.35,80.63,8.98,1.16,1.05,9.26,13.86,15.84,9.26,13.86,15.84,55,55,1434.57,422.33,72.55,8.10,2.66,0.83
2022/02/02T00:25:42z,84:f3:eb:7d:7:a8,6.01,2.0+OPENLOG+15552 MB+DS3231+BME280+PMSX003-B+PMSX003-A,44,45,24,991.17,0.05,36568,0,359,8.65,13.88,14.44,8.65,13.88,14.44,55,55,1439.84,419.39,74.79,5.47,0.98,0.00,9.72,16.26,17.58,9.72,16.26,17.58,60,60,1533.42,454.12,85.49,9.12,1.68,1.33
2022/02/02T00:27:42z,84:f3:eb:7d:7:a8,6.01,2.0+OPENLOG+15552 MB+DS3231+BME280+PMSX003-B+PMSX003-A,44,45,24,991.29,0.05,36568,0,479,8.48,14.83,17.05,8.48,14.83,17.05,57,57,1457.60,421.77,83.85,9.90,2.43,0.33,9.71,15.16,17.34,9.71,15.16,17.34,57,57,1487.14,443.36,85.18,9.61,2.32,0.82
2022/02/02T00:29:42z,84:f3:eb:7d:7:a8,6.01,2.0+OPENLOG+15552 MB+DS3231+BME280+PMSX003-B+PMSX003-A,44,45,24,991.35,0.05,36568,0,599,9.40,14.59,16.48,9.40,14.59,16.48,56,56,1581.67,447.47,81.83,8.55,1.28,1.00,9.28,14.74,15.70,9.28,14.74,15.70,57,57,1529.00,446.84,75.07,7.37,1.02,0.32
2022/02/02T00:31:42z,84:f3:eb:7d:7:a8,6.01,2.0+OPENLOG+15552 MB+DS3231+BME280+PMSX003-B+PMSX003-A,44,45,24,991.36,0.05,36568,0,719,8.98,13.82,18.73,8.98,13.82,18.73,55,55,1487.89,428.02,82.76,11.67,4.65,2.22,8.49,14.66,17.00,8.49,14.66,17.00,56,56,1421.39,418.83,85.10,8.51,3.59,0.51
2022/02/02T00:33:42z,84:f3:eb:7d:7:a8,6.01,2.0+OPENLOG+15552 MB+DS3231+BME280+PMSX003-B+PMSX003-A,44,45,24,991.41,0.05,36568,0,839,8.60,13.70,15.05,8.60,13.70,15.05,54,54,1445.68,413.86,86.19,7.65,1.23,0.46,8.91,13.95,17.54,8.91,13.95,17.54,55,55,1489.34,426.20,80.25,9.18,4.82,0.75
2022/02/02T00:35:42z,84:f3:eb:7d:7:a8,6.01,2.0+OPENLOG+15552 MB+DS3231+BME280+PMSX003-B+PMSX003-A,44,45,24,991.47,0.05,36568,0,959,7.90,12.95,14.07,7.90,12.95,14.07,53,53,1381.98,389.90,72.98,6.14,0.71,0.71,9.27,14.43,16.88,9.27,14.43,16.88,56,56,1442.84,425.75,74.00,9.07,3.75,0.68
2022/02/02T00:37:42z,84:f3:eb:7d:7:a8,6.01,2.0+OPENLOG+15552 MB+DS3231+BME280+PMSX003-B+PMSX003-A,43,45,23,991.52,0.05,36504,0,1079,9.02,14.34,17.22,9.02,14.34,17.22,56,56,1577.08,453.49,77.85,8.92,2.68,1.76,9.97,16.53,18.59,9.97,16.53,18.59,60,60,1587.47,465.36,91.53,7.69,2.79,0.62
2022/02/02T00:39:42z,84:f3:eb:7d:7:a8,6.01,2.0+OPENLOG+15552 MB+DS3231+BME280+PMSX003-B+PMSX003-A,44,45,24,991.59,0.05,36504,0,1199,8.96,14.40,15.32,8.96,14.40,15.32,56,56,1472.21,419.98,81.74,7.93,0.25,0.25,9.59,14.28,16.28,9.59,14.28,16.28,56,56,1503.98,442.00,71.59,7.59,2.48,0.76
2022/02/02T00:41:42z,84:f3:eb:7d:7:a8,6.01,2.0+OPENLOG+15552 MB+DS3231+BME280+PMSX003-B+PMSX003-A,44,44,23,991.57,nan,36656,0,119,8.17,12.66,16.07,8.17,12.66,16.07,52,52,1500.59,412.12,70.00,10.10,3.80,0.49,9.33,15.26,18.74,9.33,15.26,18.74,58,58,1513.46,447.90,86.28,9.23,4.46,0.97
2022/02/02T00:43:42z,84:f3:eb:7d:7:a8,6.01,2.0+OPENLOG+15552 MB+DS3231+BME280+PMSX003-B+PMSX003-A,43,44,22,991.64,0.05,36568,0,239,9.29,15.57,18.57,9.29,15.57,18.57,58,58,1562.95,452.79,94.39,10.04,2.11,0.46,11.19,18.32,20.53,11.19,18.32,20.53,64,64,1737.66,516.29,102.90,9.22,2.64,1.29
2022/02/02T00:45:42z,84:f3:eb:7d:7:a8,6.01,2.0+OPENLOG+15552 MB+DS3231+BME280+PMSX003-B+PMSX003-A,44,44,23,991.66,0.05,36568,0,359,9.03,14.88,17.10,9.03,14.88,17.10,57,57,1527.05,436.90,89.07,8.41,2.93,1.07,10.82,17.40,19.58,10.82,17.40,19.58,62,62,1670.37,496.88,107.82,10.60,2.84,1.40
2022/02/02T00:47:42z,84:f3:eb:7d:7:a8,6.01,2.0+OPENLOG+15552 MB+DS3231+BME280+PMSX003-B+PMSX003-A,44,43,23,991.66,0.05,36568,0,479,8.83,13.78,15.90,8.83,13.78,15.90,55,55,1528.60,426.26,78.62,8.24,1.17,1.17,8.24,15.65,18.16,8.24,15.65,18.16,58,58,1432.42,417.71,96.35,10.96,3.20,1.56
2022/02/02T00:49:42z,84:f3:eb:7d:7:a8,6.01,2.0+OPENLOG+15552 MB+DS3231+BME280+PMSX003-B+PMSX003-A,44,43,23,991.76,0.05,36568,0,599,8.16,13.21,14.57,8.16,13.21,14.57,53,53,1395.86,396.77,77.05,5.46,1.11,0.57,7.86,13.76,14.64,7.86,13.76,14.64,54,54,1269.26,375.64,81.86,6.10,1.00,0.41
2022/02/02T00:51:42z,84:f3:eb:7d:7:a8,6.01,2.0+OPENLOG+15552 MB+DS3231+BME280+PMSX003-B+PMSX003-A,44,43,22,991.78,0.05,36568,0,719,8.12,13.09,15.64,8.12,13.09,15.64,53,53,1351.45,391.26,72.62,8.03,2.76,0.83,8.41,16.29,17.78,8.41,16.29,17.78,60,60,1391.28,415.67,92.41,10.07,2.03,0.79
2022/02/02T00:53:42z,84:f3:eb:7d:7:a8,6.01,2.0+OPENLOG+15552 MB+DS3231+BME280+PMSX003-B+PMSX003-A,44,42,22,991.86,0.05,36568,0,839,7.84,12.02,13.65,7.84,12.02,13.65,50,50,1347.16,381.61,59.75,5.96,2.11,0.42,8.35,15.63,17.68,8.35,15.63,17.68,58,58,1402.47,405.65,92.39,9.93,2.81,1.23
2022/02/02T00:55:42z,84:f3:eb:7d:7:a8,6.01,2.0+OPENLOG+15552 MB+DS3231+BME280+PMSX003-B+PMSX003-A,43,42,21,991.99,0.05,36568,0,959,9.17,14.91,17.00,9.17,14.91,17.00,57,57,1495.66,429.79,91.36,7.03,1.66,0.90,8.16,15.33,18.11,8.16,15.33,18.11,58,58,1424.78,416.29,91.35,9.20,3.16,0.58
2022/02/02T00:57:42z,84:f3:eb:7d:7:a8,6.01,2.0+OPENLOG+15552 MB+DS3231+BME280+PMSX003-B+PMSX003-A,42,42,20,991.96,0.05,36568,0,1079,9.31,13.98,17.81,9.31,13.98,17.81,55,55,1494.36,426.41,83.83,10.74,3.93,0.17,10.72,16.34,22.36,10.72,16.34,22.36,60,60,1600.60,476.55,92.55,12.66,6.97,4.52
2022/02/02T00:59:42z,84:f3:eb:7d:7:a8,6.01,2.0+OPENLOG+15552 MB+DS3231+BME280+PMSX003-B+PMSX003-A,42,43,21,992.01,0.05,36568,0,1199,9.84,14.82,18.91,9.84,14.82,18.91,57,57,1629.60,462.40,86.87,8.29,3.60,1.93,10.78,16.27,19.19,10.78,16.27,19.19,60,60,1671.15,479.75,89.25,6.88,3.29,1.80
2022/02/02T01:01:43z,84:f3:eb:7d:7:a8,6.01,2.0+OPENLOG+15552 MB+DS3231+BME280+PMSX003-B+PMSX003-A,42,43,21,992.02,nan,36656,0,120,9.17,14.05,17.63,9.17,14.05,17.63,55,55,1508.78,430.88,77.54,10.54,3.41,1.41,11.10,17.64,19.33,11.10,17.64,19.33,63,63,1625.69,485.79,102.74,7.54,1.95,0.26
2022/02/02T01:03:43z,84:f3:eb:7d:7:a8,6.01,2.0+OPENLOG+15552 MB+DS3231+BME280+PMSX003-B+PMSX003-A,42,43,21,992.02,0.05,36568,0,240,8.55,14.80,16.29,8.55,14.80,16.29,57,57,1495.64,425.82,86.16,7.35,1.56,0.00,10.00,15.56,17.49,10.00,15.56,17.49,58,58,1526.75,442.90,89.49,7.63,2.44,1.05
2022/02/02T01:05:43z,84:f3:eb:7d:7:a8,6.01,2.0+OPENLOG+15552 MB+DS3231+BME280+PMSX003-B+PMSX003-A,42,42,21,992.10,0.05,36568,0,360,10.13,14.60,16.32,10.13,14.60,16.32,56,56,1604.75,455.67,82.78,5.77,0.67,0.33,10.02,18.02,22.82,10.02,18.02,22.82,63,63,1611.32,468.95,101.86,16.81,5.75,3.75
2022/02/02T01:07:43z,84:f3:eb:7d:7:a8,6.01,2.0+OPENLOG+15552 MB+DS3231+BME280+PMSX003-B+PMSX003-A,42,42,20,992.07,0.05,36568,0,480,10.07,15.54,18.60,10.07,15.54,18.60,58,58,1662.16,473.28,80.49,10.42,2.46,1.05,10.86,17.20,19.41,10.86,17.20,19.41,62,62,1623.91,474.73,90.66,10.23,2.82,1.43
2022/02/02T01:09:43z,84:f3:eb:7d:7:a8,6.01,2.0+OPENLOG+15552 MB+DS3231+BME280+PMSX003-B+PMSX003-A,42,42,21,992.08,0.05,36568,0,600,9.41,14.71,16.48,9.41,14.71,16.48,56,56,1482.11,434.39,86.71,6.71,1.39,0.75,10.03,15.53,17.24,10.03,15.53,17.24,58,58,1574.64,451.31,82.10,7.59,2.52,0.52
2022/02/02T01:11:43z,84:f3:eb:7d:7:a8,6.01,2.0+OPENLOG+15552 MB+DS3231+BME280+PMSX003-B+PMSX003-A,42,42,20,992.20,0.05,36568,0,720,8.56,14.20,16.00,8.56,14.20,16.00,55,55,1530.39,428.24,78.56,5.85,1.48,0.78,9.10,16.29,19.69,9.10,16.29,19.69,60,60,1549.76,436.34,94.28,12.40,3.86,1.66
2022/02/02T01:13:43z,84:f3:eb:7d:7:a8,6.01,2.0+OPENLOG+15552 MB+DS3231+BME280+PMSX003-B+PMSX003-A,42,42,20,992.23,0.05,36568,0,840,9.23,14.43,17.78,9.23,14.43,17.78,56,56,1595.75,450.38,87.02,6.33,2.97,1.60,11.20,16.11,18.98,11.20,16.11,18.98,59,59,1655.20,481.36,81.21,8.96,3.50,1.39
2022/02/02T01:15:43z,84:f3:eb:7d:7:a8,6.01,2.0+OPENLOG+15552 MB+DS3231+BME280+PMSX003-B+PMSX003-A,42,42,20,992.27,0.05,36568,0,960,8.25,12.77,15.88,8.25,12.77,15.88,52,52,1440.00,404.91,75.27,6.18,2.79,2.29,10.02,16.04,18.91,10.02,16.04,18.91,59,59,1559.78,461.29,90.13,8.85,3.98,0.91
2022/02/02T01:17:43z,84:f3:eb:7d:7:a8,6.01,2.0+OPENLOG+15552 MB+DS3231+BME280+PMSX003-B+PMSX003-A,42,41,20,992.26,0.05,36504,0,1080,8.98,14.73,16.95,8.98,14.73,16.95,57,57,1512.64,435.62,82.29,9.14,1.82,0.96,9.72,16.49,18.51,9.72,16.49,18.51,60,60,1532.21,445.39,87.56,10.56,2.42,0.70
2022/02/02T01:19:43z,84:f3:eb:7d:7:a8,6.01,2.0+OPENLOG+15552 MB+DS3231+BME280+PMSX003-B+PMSX003-A,42,41,20,992.24,0.05,36504,0,1200,9.87,16.44,18.07,9.87,16.44,18.07,60,60,1617.11,462.19,96.61,8.89,1.30,0.48,11.05,16.44,19.58,11.05,16.44,19.58,60,60,1634.16,480.53,81.49,9.72,4.21,2.00
2022/02/02T01:21:44z,84:f3:eb:7d:7:a8,6.01,2.0+OPENLOG+15552 MB+DS3231+BME280+PMSX003-B+PMSX003-A,42,42,20,992.26,nan,36656,0,120,9.41,13.71,14.63,9.41,13.71,14.63,54,54,1496.63,429.88,77.83,4.15,0.24,0.24,10.25,15.55,16.98,10.25,15.55,16.98,58,58,1553.55,458.12,79.75,9.98,1.90,0.45
2022/02/02T01:23:44z,84:f3:eb:7d:7:a8,6.01,2.0+OPENLOG+15552 MB+DS3231+BME280+PMSX003-B+PMSX003-A,42,41,20,992.28,0.05,36504,0,240,9.00,14.35,16.79,9.00,14.35,16.79,56,56,1488.00,424.56,90.47,8.18,1.79,0.88,9.86,14.92,17.02,9.86,14.92,17.02,57,57,1513.37,444.07,82.41,7.69,2.47,0.88
2022/02/02T01:25:44z,84:f3:eb:7d:7:a8,6.01,2.0+OPENLOG+15552 MB+DS3231+BME280+PMSX003-B+PMSX003-A,41,42,19,992.41,0.05,36504,0,360,10.72,16.29,18.16,10.72,16.29,18.16,60,60,1675.40,481.17,88.33,6.76,1.59,0.90,10.47,15.77,17.82,10.47,15.77,17.82,59,59,1570.53,464.00,83.32,6.74,2.46,1.05
2022/02/02T01:27:44z,84:f3:eb:7d:7:a8,6.01,2.0+OPENLOG+15552 MB+DS3231+BME280+PMSX003-B+PMSX003-A,42,42,20,992.26,0.05,36504,0,480,9.58,14.31,15.71,9.58,14.31,15.71,56,56,1540.68,447.63,76.29,5.86,0.98,0.17,11.51,17.36,19.62,11.51,17.36,19.62,62,62,1701.93,500.38,95.00,11.02,2.73,0.95
2022/02/02T01:29:44z,84:f3:eb:7d:7:a8,6.01,2.0+OPENLOG+15552 MB+DS3231+BME280+PMSX003-B+PMSX003-A,42,41,20,992.37,0.05,36504,0,600,8.98,13.16,16.32,8.98,13.16,16.32,53,53,1410.11,407.84,72.74,7.37,2.91,2.07,9.68,16.14,17.86,9.68,16.14,17.86,59,59,1538.03,455.54,83.27,9.32,2.03,0.64
2022/02/02T01:31:44z,84:f3:eb:7d:7:a8,6.01,2.0+OPENLOG+15552 MB+DS3231+BME280+PMSX003-B+PMSX003-A,42,41,20,992.45,0.05,36320,0,720,8.98,14.89,16.43,8.98,14.89,16.43,57,57,1532.84,431.18,84.20,8.46,1.00,0.43,10.48,15.84,18.57,10.48,15.84,18.57,59,59,1549.86,464.90,87.00,8.83,3.34,1.72
2022/02/02T01:33:44z,84:f3:eb:7d:7:a8,6.01,2.0+OPENLOG+15552 MB+DS3231+BME280+PMSX003-B+PMSX003-A,42,42,20,992.54,0.05,36504,0,840,8.91,14.12,16.79,8.91,14.12,16.79,55,55,1519.05,430.74,77.96,8.77,2.70,0.81,10.05,16.76,19.53,10.05,16.76,19.53,61,61,1618.85,464.65,89.04,9.84,3.42,1.53
2022/02/02T01:35:44z,84:f3:eb:7d:7:a8,6.01,2.0+OPENLOG+15552 MB+DS3231+BME280+PMSX003-B+PMSX003-A,42,41,20,992.65,0.05,36504,0,960,9.12,14.14,18.10,9.12,14.14,18.10,55,55,1538.24,438.51,83.88,9.83,4.37,0.88,10.25,19.53,21.02,10.25,19.53,21.02,67,67,1674.89,491.58,110.46,10.46,1.89,1.19
2022/02/02T01:37:44z,84:f3:eb:7d:7:a8,6.01,2.0+OPENLOG+15552 MB+DS3231+BME280+PMSX003-B+PMSX003-A,42,41,20,992.74,0.05,36504,0,1080,7.89,13.63,15.65,7.89,13.63,15.65,54,54,1387.00,396.60,81.82,7.44,1.72,0.95,10.98,16.58,18.95,10.98,16.58,18.95,60,60,1601.05,472.96,86.61,8.58,2.77,1.65
2022/02/02T01:39:44z,84:f3:eb:7d:7:a8,6.01,2.0+OPENLOG+15552 MB+DS3231+BME280+PMSX003-B+PMSX003-A,41,41,19,992.63,0.05,36504,0,1200,8.52,12.70,14.34,8.52,12.70,14.34,52,52,1425.86,398.25,68.27,6.46,1.00,0.43,9.86,16.40,17.36,9.86,16.40,17.36,60,60,1546.76,450.41,89.12,8.72,1.21,0.21
2022/02/02T01:41:45z,84:f3:eb:7d:7:a8,6.01,2.0+OPENLOG+15552 MB+DS3231+BME280+PMSX003-B+PMSX003-A,42,41,20,992.67,nan,36656,0,120,9.17,14.63,17.66,9.17,14.63,17.66,56,56,1526.27,437.32,80.85,6.83,3.12,1.46,9.65,16.08,18.80,9.65,16.08,18.80,59,59,1564.88,452.60,101.43,9.25,3.40,0.40
2022/02/02T01:43:45z,84:f3:eb:7d:7:a8,6.01,2.0+OPENLOG+15552 MB+DS3231+BME280+PMSX003-B+PMSX003-A,42,41,20,992.59,0.05,36504,0,240,8.83,15.04,17.52,8.83,15.04,17.52,57,57,1530.61,436.61,90.31,8.30,2.63,1.04,10.81,16.41,18.76,10.81,16.41,18.76,60,60,1627.12,472.12,88.80,10.19,3.19,0.61
2022/02/02T01:45:45z,84:f3:eb:7d:7:a8,6.01,2.0+OPENLOG+15552 MB+DS3231+BME280+PMSX003-B+PMSX003-A,42,41,20,992.68,0.05,36504,0,360,10.28,15.19,18.19,10.28,15.19,18.19,57,57,1564.19,444.41,87.81,6.84,3.52,1.45,8.60,16.56,19.42,8.60,16.56,19.42,60,60,1456.58,435.69,89.93,13.36,3.67,1.71
2022/02/02T01:47:45z,84:f3:eb:7d:7:a8,6.01,2.0+OPENLOG+15552 MB+DS3231+BME280+PMSX003-B+PMSX003-A,41,42,19,992.68,0.05,36504,0,480,10.39,17.47,20.77,10.39,17.47,20.77,62,62,1669.42,478.53,101.81,12.00,3.40,0.98,9.21,16.23,20.07,9.21,16.23,20.07,60,60,1530.38,451.45,91.04,11.61,4.89,1.57
2022/02/02T01:49:45z,84:f3:eb:7d:7:a8,6.01,2.0+OPENLOG+15552 MB+DS3231+BME280+PMSX003-B+PMSX003-A,41,42,19,992.84,0.05,36504,0,600,10.35,16.24,19.98,10.35,16.24,19.98,60,60,1654.47,474.78,98.35,9.20,2.87,2.00,9.60,14.40,18.16,9.60,14.40,18.16,56,56,1533.42,445.70,77.56,9.51,4.70,1.26
2022/02/02T01:51:45z,84:f3:eb:7d:7:a8,6.01,2.0+OPENLOG+15552 MB+DS3231+BME280+PMSX003-B+PMSX003-A,42,42,20,992.78,0.05,36504,0,720,9.18,14.31,17.05,9.18,14.31,17.05,56,56,1539.55,439.15,85.05,6.33,1.89,0.91,9.91,15.54,18.12,9.91,15.54,18.12,58,58,1547.58,455.16,84.35,7.72,3.30,0.74
2022/02/02T01:53:45z,84:f3:eb:7d:7:a8,6.01,2.0+OPENLOG+15552 MB+DS3231+BME280+PMSX003-B+PMSX003-A,42,42,20,992.79,0.05,36504,0,840,9.82,15.39,19.02,9.82,15.39,19.02,58,58,1622.95,460.95,87.82,9.18,3.93,1.29,9.81,14.72,17.53,9.81,14.72,17.53,57,57,1516.68,447.30,78.74,8.88,3.79,1.09
2022/02/02T01:55:45z,84:f3:eb:7d:7:a8,6.01,2.0+OPENLOG+15552 MB+DS3231+BME280+PMSX003-B+PMSX003-A,42,42,20,992.91,0.05,36504,0,960,8.34,13.31,14.34,8.34,13.31,14.34,54,54,1491.16,407.60,73.02,5.90,1.17,0.45,10.89,16.14,19.88,10.89,16.14,19.88,59,59,1666.84,479.19,86.91,8.98,4.70,2.07
2022/02/02T01:57:45z,84:f3:eb:7d:7:a8,6.01,2.0+OPENLOG+15552 MB+DS3231+BME280+PMSX003-B+PMSX003-A,42,41,20,992.85,0.05,36504,0,1080,8.33,13.51,17.12,8.33,13.51,17.12,54,54,1486.68,416.32,80.54,10.56,3.26,1.16,9.86,15.36,17.77,9.86,15.36,17.77,58,58,1507.18,449.79,87.36,8.82,3.43,0.32
2022/02/02T01:59:45z,84:f3:eb:7d:7:a8,6.01,2.0+OPENLOG+15552 MB+DS3231+BME280+PMSX003-B+PMSX003-A,41,41,19,992.88,0.05,36504,0,1200,8.88,15.29,18.27,8.88,15.29,18.27,58,58,1556.95,441.05,89.75,10.36,2.32,1.04,9.73,15.95,18.62,9.73,15.95,18.62,59,59,1519.05,443.58,90.65,10.03,3.37,1.37
2022/02/02T02:01:46z,84:f3:eb:7d:7:a8,6.01,2.0+OPENLOG+15552 MB+DS3231+BME280+PMSX003-B+PMSX003-A,41,41,19,992.86,nan,36656,0,120,8.44,13.29,14.80,8.44,13.29,14.80,54,54,1441.32,399.32,80.20,5.07,1.17,0.59,9.02,13.27,14.83,9.02,13.27,14.83,53,53,1433.49,424.10,71.73,6.34,1.85,0.88
2022/02/02T02:03:46z,84:f3:eb:7d:7:a8,6.01,2.0+OPENLOG+15552 MB+DS3231+BME280+PMSX003-B+PMSX003-A,41,41,19,992.89,0.05,36568,0,240,7.20,10.79,12.84,7.20,10.79,12.84,45,45,1260.96,350.84,51.20,5.75,1.64,1.21,7.90,14.00,18.62,7.90,14.00,18.62,55,55,1279.45,378.05,78.24,11.43,5.00,3.52
2022/02/02T02:05:46z,84:f3:eb:7d:7:a8,6.01,2.0+OPENLOG+15552 MB+DS3231+BME280+PMSX003-B+PMSX003-A,41,40,18,992.88,0.05,36568,0,360,8.35,12.82,15.04,8.35,12.82,15.04,53,53,1374.47,397.09,66.60,6.42,1.75,0.77,8.16,13.35,13.35,8.16,13.35,13.35,54,54,1299.37,386.00,65.07,4.81,0.00,0.00
2022/02/02T02:07:46z,84:f3:eb:7d:7:a8,6.01,2.0+OPENLOG+15552 MB+DS3231+BME280+PMSX003-B+PMSX003-A,41,40,18,992.98,0.05,36568,0,480,7.46,12.93,14.88,7.46,12.93,14.88,53,53,1355.49,379.71,73.54,6.78,2.41,0.68,8.09,15.53,18.58,8.09,15.53,18.58,58,58,1331.84,401.31,91.62,11.96,3.71,1.82
2022/02/02T02:09:46z,84:f3:eb:7d:7:a8,6.01,2.0+OPENLOG+15552 MB+DS3231+BME280+PMSX003-B+PMSX003-A,41,39,18,992.99,0.05,36568,0,600,6.79,11.82,13.72,6.79,11.82,13.72,49,49,1200.32,344.21,74.11,6.95,1.65,0.56,6.47,10.08,11.93,6.47,10.08,11.93,42,42,1041.92,308.68,51.69,6.14,1.69,1.53
2022/02/02T02:11:46z,84:f3:eb:7d:7:a8,6.01,2.0+OPENLOG+15552 MB+DS3231+BME280+PMSX003-B+PMSX003-A,41,39,18,993.00,0.05,36568,0,720,7.15,11.31,13.69,7.15,11.31,13.69,47,47,1203.33,342.87,68.80,7.30,1.89,0.85,7.00,11.53,14.26,7.00,11.53,14.26,48,48,1159.00,335.72,67.67,8.60,3.26,1.51
2022/02/02T02:13:46z,84:f3:eb:7d:7:a8,6.01,2.0+OPENLOG+15552 MB+DS3231+BME280+PMSX003-B+PMSX003-A,41,39,18,993.09,0.05,36568,0,840,6.76,10.79,13.59,6.76,10.79,13.59,45,45,1195.29,331.33,62.90,7.24,2.38,1.34,6.78,14.07,18.19,6.78,14.07,18.19,55,55,1188.57,352.78,79.24,14.57,4.97,2.10
2022/02/02T02:15:46z,84:f3:eb:7d:7:a8,6.01,2.0+OPENLOG+15552 MB+DS3231+BME280+PMSX003-B+PMSX003-A,40,39,17,993.12,0.05,36568,0,960,6.24,10.86,13.61,6.24,10.86,13.61,45,45,1115.54,309.32,69.71,7.73,2.47,1.76,7.57,13.41,15.15,7.57,13.41,15.15,54,54,1229.50,363.43,72.30,8.98,2.11,0.67
2022/02/02T02:17:46z,84:f3:eb:7d:7:a8,6.01,2.0+OPENLOG+15552 MB+DS3231+BME280+PMSX003-B+PMSX003-A,41,39,18,993.11,0.05,36568,0,1080,7.44,12.35,13.00,7.44,12.35,13.00,52,52,1234.95,348.12,70.12,4.70,0.77,0.00,7.23,12.93,15.96,7.23,12.93,15.96,53,53,1236.53,363.72,77.74,7.77,3.86,1.26
2022/02/02T02:19:46z,84:f3:eb:7d:7:a8,6.01,2.0+OPENLOG+15552 MB+DS3231+BME280+PMSX003-B+PMSX003-A,40,39,17,993.18,0.05,36568,0,1200,7.11,11.30,13.43,7.11,11.30,13.43,47,47,1155.67,338.81,64.50,4.70,2.41,1.37,7.79,15.04,16.30,7.79,15.04,16.30,57,57,1298.42,384.12,81.82,8.60,1.51,0.67
2022/02/02T02:21:47z,84:f3:eb:7d:7:a8,6.01,2.0+OPENLOG+15552 MB+DS3231+BME280+PMSX003-B+PMSX003-A,40,39,17,993.24,nan,36656,0,121,7.23,12.35,14.42,7.23,12.35,14.42,52,52,1295.65,364.07,75.88,6.47,2.33,1.26,7.54,12.41,14.85,7.54,12.41,14.85,52,52,1211.49,354.32,68.76,7.76,2.98,0.59
2022/02/02T02:23:47z,84:f3:eb:7d:7:a8,6.01,2.0+OPENLOG+15552 MB+DS3231+BME280+PMSX003-B+PMSX003-A,40,39,17,993.23,0.05,36568,0,241,7.57,12.00,13.09,7.57,12.00,13.09,50,50,1269.75,355.52,66.27,5.14,1.29,0.00,7.24,13.05,16.90,7.24,13.05,16.90,53,53,1207.42,355.66,78.58,12.41,4.78,1.36
2022/02/02T02:25:47z,84:f3:eb:7d:7:a8,6.01,2.0+OPENLOG+15552 MB+DS3231+BME280+PMSX003-B+PMSX003-A,39,39,16,993.29,0.05,36568,0,361,7.97,12.50,15.00,7.97,12.50,15.00,52,52,1274.53,372.62,74.64,7.76,1.62,0.83,7.68,13.54,16.53,7.68,13.54,16.53,54,54,1237.37,368.00,78.98,10.11,3.72,0.81
2022/02/02T02:27:47z,84:f3:eb:7d:7:a8,6.01,2.0+OPENLOG+15552 MB+DS3231+BME280+PMSX003-B+PMSX003-A,40,39,17,993.32,0.05,36568,0,481,6.49,10.54,13.32,6.49,10.54,13.32,44,44,1105.32,316.64,60.44,7.76,2.98,0.81,6.95,11.91,13.82,6.95,11.91,13.82,50,50,1170.49,329.93,60.69,9.71,2.11,1.27
2022/02/02T02:29:47z,84:f3:eb:7d:7:a8,6.01,2.0+OPENLOG+15552 MB+DS3231+BME280+PMSX003-B+PMSX003-A,40,39,17,993.38,0.05,36568,0,601,6.09,9.71,12.55,6.09,9.71,12.55,40,40,1017.21,289.71,63.82,6.89,2.64,1.68,5.43,8.83,9.91,5.43,8.83,9.91,37,37,951.62,276.00,46.45,5.07,1.62,0.00
2022/02/02T02:31:47z,84:f3:eb:7d:7:a8,6.01,2.0+OPENLOG+15552 MB+DS3231+BME280+PMSX003-B+PMSX003-A,40,38,16,993.37,0.05,36568,0,721,6.35,9.75,11.96,6.35,9.75,11.96,41,41,1137.79,303.05,57.02,5.23,1.72,1.37,6.60,11.45,14.55,6.60,11.45,14.55,48,48,1068.05,318.21,67.69,9.21,3.93,1.28
2022/02/02T02:33:47z,84:f3:eb:7d:7:a8,6.01,2.0+OPENLOG+15552 MB+DS3231+BME280+PMSX003-B+PMSX003-A,40,38,16,993.45,0.05,36568,0,841,6.55,11.62,13.82,6.55,11.62,13.82,48,48,1189.34,328.89,67.91,7.89,2.29,1.04,7.16,12.77,17.09,7.16,12.77,17.09,52,52,1190.36,349.46,76.55,11.61,5.04,1.50
2022/02/02T02:35:47z,84:f3:eb:7d:7:a8,6.01,2.0+OPENLOG+15552 MB+DS3231+BME280+PMSX003-B+PMSX003-A,40,38,16,993.42,0.05,36504,0,961,7.07,11.55,12.38,7.07,11.55,12.38,48,48,1210.19,346.02,61.62,4.59,1.14,0.38,7.79,13.91,18.73,7.79,13.91,18.73,55,55,1275.59,376.36,80.21,11.79,5.57,2.61
2022/02/02T02:37:47z,84:f3:eb:7d:7:a8,6.01,2.0+OPENLOG+15552 MB+DS3231+BME280+PMSX003-B+PMSX003-A,40,38,16,993.55,0.05,36504,0,1081,6.07,9.03,10.84,6.07,9.03,10.84,38,38,1002.00,287.79,51.71,4.21,1.52,0.52,6.31,10.76,14.41,6.31,10.76,14.41,45,45,1099.14,315.64,58.38,12.81,3.90,2.17
2022/02/02T02:39:47z,84:f3:eb:7d:7:a8,6.01,2.0+OPENLOG+15552 MB+DS3231+BME280+PMSX003-B+PMSX003-A,39,38,15,993.37,0.05,36504,0,1201,7.22,12.09,13.31,7.22,12.09,13.31,50,50,1226.61,349.00,75.93,5.93,1.11,0.67,6.98,12.00,14.43,6.98,12.00,14.43,50,50,1148.22,336.53,66.95,9.00,2.66,1.38
2022/02/02T02:41:48z,84:f3:eb:7d:7:a8,6.01,2.0+OPENLOG+15552 MB+DS3231+BME280+PMSX003-B+PMSX003-A,40,39,17,993.36,nan,36344,0,120,6.76,11.02,12.66,6.76,11.02,12.66,46,46,1160.34,329.98,58.90,4.98,1.85,1.07,7.32,13.00,15.75,7.32,13.00,15.75,53,53,1187.78,351.40,76.57,9.60,2.75,2.20
2022/02/02T02:43:48z,84:f3:eb:7d:7:a8,6.01,2.0+OPENLOG+15552 MB+DS3231+BME280+PMSX003-B+PMSX003-A,40,39,17,993.40,0.05,36568,0,240,6.39,10.93,13.70,6.39,10.93,13.70,46,46,1106.14,318.14,72.88,6.64,2.18,1.46,7.10,12.02,14.67,7.10,12.02,14.67,50,50,1126.81,333.88,65.47,8.21,3.07,1.59
2022/02/02T02:45:48z,84:f3:eb:7d:7:a8,6.01,2.0+OPENLOG+15552 MB+DS3231+BME280+PMSX003-B+PMSX003-A,39,38,16,993.32,0.05,36504,0,360,6.41,10.71,12.44,6.41,10.71,12.44,45,45,1114.27,311.53,63.59,6.92,1.08,0.92,7.23,13.02,15.45,7.23,13.02,15.45,53,53,1178.41,344.62,73.80,8.68,2.61,1.32
2022/02/02T02:47:48z,84:f3:eb:7d:7:a8,6.01,2.0+OPENLOG+15552 MB+DS3231+BME280+PMSX003-B+PMSX003-A,39,38,15,993.36,0.05,36504,0,480,5.97,10.26,11.21,5.97,10.26,11.21,43,43,1013.79,285.83,60.12,6.69,1.07,0.45,6.16,10.75,13.18,6.16,10.75,13.18,45,45,1057.61,305.43,60.05,8.96,3.04,0.79
2022/02/02T02:49:48z,84:f3:eb:7d:7:a8,6.01,2.0+OPENLOG+15552 MB+DS3231+BME280+PMSX003-B+PMSX003-A,40,38,16,993.34,0.05,36504,0,600,6.51,11.09,13.60,6.51,11.09,13.60,46,46,1127.42,316.98,65.68,8.81,2.74,1.02,6.43,10.95,14.19,6.43,10.95,14.19,46,46,1067.84,315.41,64.21,9.60,3.62,1.97
2022/02/02T02:51:48z,84:f3:eb:7d:7:a8,6.01,2.0+OPENLOG+15552 MB+DS3231+BME280+PMSX003-B+PMSX003-A,40,38,16,993.39,0.05,36504,0,720,5.96,9.73,13.04,5.96,9.73,13.04,41,41,1041.22,289.00,58.27,9.24,3.31,2.25,6.64,10.93,13.14,6.64,10.93,13.14,46,46,1095.00,317.17,63.95,7.72,2.41,2.03
2022/02/02T02:53:48z,84:f3:eb:7d:7:a8,6.01,2.0+OPENLOG+15552 MB+DS3231+BME280+PMSX003-B+PMSX003-A,39,38,16,993.34,0.05,36504,0,840,6.35,9.15,12.72,6.35,9.15,12.72,38,38,1074.10,300.03,54.78,7.60,3.43,1.50,5.91,9.50,11.05,5.91,9.50,11.05,40,40,997.61,287.02,50.59,5.96,1.93,1.04
2022/02/02T02:55:48z,84:f3:eb:7d:7:a8,6.01,2.0+OPENLOG+15552 MB+DS3231+BME280+PMSX003-B+PMSX003-A,39,38,15,993.36,0.05,36504,0,960,6.22,10.32,13.25,6.22,10.32,13.25,43,43,1073.45,304.53,61.67,7.87,3.50,0.63,5.79,10.32,14.25,5.79,10.32,14.25,43,43,996.16,293.93,63.56,9.26,5.30,1.44
2022/02/02T02:57:48z,84:f3:eb:7d:7:a8,6.01,2.0+OPENLOG+15552 MB+DS3231+BME280+PMSX003-B+PMSX003-A,39,38,16,993.47,0.05,36504,0,1080,6.10,10.10,11.14,6.10,10.10,11.14,42,42,1064.07,299.86,61.36,5.00,0.76,0.41,6.30,11.81,13.68,6.30,11.81,13.68,49,49,1102.58,317.51,67.11,9.68,2.46,0.81
2022/02/02T02:59:48z,84:f3:eb:7d:7:a8,6.01,2.0+OPENLOG+15552 MB+DS3231+BME280+PMSX003-B+PMSX003-A,39,38,15,993.42,0.05,36504,0,1200,6.52,10.75,12.50,6.52,10.75,12.50,45,45,1156.23,326.16,57.02,6.96,1.39,1.04,5.76,10.90,14.28,5.76,10.90,14.28,45,45,1027.60,298.31,65.67,8.90,4.28,1.10
2022/02/02T03:01:49z,84:f3:eb:7d:7:a8,6.01,2.0+OPENLOG+15552 MB+DS3231+BME280+PMSX003-B+PMSX003-A,39,38,15,993.36,nan,36656,0,120,6.02,9.37,11.02,6.02,9.37,11.02,39,39,1011.88,283.63,54.51,5.32,1.80,1.17,6.72,11.05,14.23,6.72,11.05,14.23,46,46,1086.45,323.95,61.85,8.35,3.40,2.65
2022/02/02T03:03:49z,84:f3:eb:7d:7:a8,6.01,2.0+OPENLOG+15552 MB+DS3231+BME280+PMSX003-B+PMSX003-A,39,37,15,993.51,0.05,36568,0,240,5.30,8.93,11.09,5.30,8.93,11.09,37,37,917.50,262.39,51.15,6.37,2.52,0.22,5.38,9.00,12.33,5.38,9.00,12.33,38,38,909.83,269.53,50.33,9.48,4.07,1.10
2022/02/02T03:05:49z,84:f3:eb:7d:7:a8,6.01,2.0+OPENLOG+15552 MB+DS3231+BME280+PMSX003-B+PMSX003-A,39,38,15,993.49,0.05,36568,0,360,5.86,9.42,12.14,5.86,9.42,12.14,39,39,979.58,276.96,58.40,6.88,2.74,1.33,6.47,10.49,12.98,6.47,10.49,12.98,44,44,1027.89,301.88,64.53,6.53,2.49,1.51
2022/02/02T03:07:49z,84:f3:eb:7d:7:a8,6.01,2.0+OPENLOG+15552 MB+DS3231+BME280+PMSX003-B+PMSX003-A,39,37,15,993.57,0.05,36568,0,480,5.82,10.56,13.47,5.82,10.56,13.47,44,44,1046.37,296.82,67.42,7.68,2.74,1.37,6.34,10.27,12.62,6.34,10.27,12.62,43,43,1027.34,298.84,58.25,6.04,2.68,1.21
2022/02/02T03:09:49z,84:f3:eb:7d:7:a8,6.01,2.0+OPENLOG+15552 MB+DS3231+BME280+PMSX003-B+PMSX003-A,39,37,15,993.61,0.05,36504,0,600,6.00,9.17,10.49,6.00,9.17,10.49,38,38,1007.08,287.25,49.69,5.53,0.51,0.00,6.09,10.14,12.58,6.09,10.14,12.58,42,42,1033.74,296.25,57.74,8.32,3.16,1.23
2022/02/02T03:11:49z,84:f3:eb:7d:7:a8,6.01,2.0+OPENLOG+15552 MB+DS3231+BME280+PMSX003-B+PMSX003-A,38,37,14,993.54,0.05,36504,0,720,5.59,9.67,10.91,5.59,9.67,10.91,40,40,970.28,282.26,56.24,5.56,1.48,0.04,5.74,9.47,12.33,5.74,9.47,12.33,39,39,991.09,288.90,53.78,6.03,2.79,1.21
2022/02/02T03:13:49z,84:f3:eb:7d:7:a8,6.01,2.0+OPENLOG+15552 MB+DS3231+BME280+PMSX003-B+PMSX003-A,39,37,15,993.75,0.05,36504,0,840,5.79,8.57,12.20,5.79,8.57,12.20,36,36,1002.00,276.27,54.84,7.32,3.39,1.61,6.34,10.72,13.72,6.34,10.72,13.72,45,45,1032.98,297.95,59.74,10.19,3.45,1.48
2022/02/02T03:15:49z,84:f3:eb:7d:7:a8,6.01,2.0+OPENLOG+15552 MB+DS3231+BME280+PMSX003-B+PMSX003-A,39,38,15,993.71,0.05,36504,0,960,6.35,10.32,13.25,6.35,10.32,13.25,43,43,1070.65,305.50,57.58,8.60,2.93,2.03,6.67,12.56,14.38,6.67,12.56,14.38,52,52,1112.51,325.78,74.05,7.29,1.82,1.31
2022/02/02T03:17:49z,84:f3:eb:7d:7:a8,6.01,2.0+OPENLOG+15552 MB+DS3231+BME280+PMSX003-B+PMSX003-A,38,37,14,993.67,0.05,36504,0,1080,5.97,9.43,10.29,5.97,9.43,10.29,39,39,1015.81,287.90,49.24,4.72,0.79,0.34,6.64,13.32,15.30,6.64,13.32,15.30,54,54,1136.14,338.55,77.36,11.18,2.46,0.43
2022/02/02T03:19:49z,84:f3:eb:7d:7:a8,6.01,2.0+OPENLOG+15552 MB+DS3231+BME280+PMSX003-B+PMSX003-A,39,38,15,993.78,0.05,36504,0,1200,6.55,10.22,11.42,6.55,10.22,11.42,43,43,1069.15,305.80,54.85,4.91,1.35,0.58,6.91,12.71,14.19,6.91,12.71,14.19,52,52,1223.48,348.31,69.67,7.52,1.86,0.66
2022/02/02T03:21:50z,84:f3:eb:7d:7:a8,6.01,2.0+OPENLOG+15552 MB+DS3231+BME280+PMSX003-B+PMSX003-A,39,38,15,993.81,nan,36656,0,120,7.10,11.46,16.37,7.10,11.46,16.37,48,48,1185.00,346.56,65.73,10.44,5.07,2.63,6.17,11.78,13.80,6.17,11.78,13.80,49,49,1056.15,312.34,65.66,7.17,2.54,1.17
2022/02/02T03:23:50z,84:f3:eb:7d:7:a8,6.01,2.0+OPENLOG+15552 MB+DS3231+BME280+PMSX003-B+PMSX003-A,39,38,15,993.89,0.05,36568,0,240,6.58,10.82,12.84,6.58,10.82,12.84,45,45,1096.69,308.49,60.09,8.04,2.62,0.44,7.32,12.60,15.96,7.32,12.60,15.96,52,52,1166.26,349.65,77.60,10.88,4.21,1.86
2022/02/02T03:25:50z,84:f3:eb:7d:7:a8,6.01,2.0+OPENLOG+15552 MB+DS3231+BME280+PMSX003-B+PMSX003-A,39,38,15,993.94,0.05,36568,0,360,6.53,11.20,13.47,6.53,11.20,13.47,47,47,1105.37,317.07,70.34,8.41,2.00,0.61,6.60,12.49,14.15,6.60,12.49,14.15,52,52,1111.31,340.22,82.36,6.87,1.71,1.56
2022/02/02T03:27:50z,84:f3:eb:7d:7:a8,6.01,2.0+OPENLOG+15552 MB+DS3231+BME280+PMSX003-B+PMSX003-A,39,38,15,993.94,0.05,36568,0,480,6.57,10.64,12.59,6.57,10.64,12.59,44,44,1139.64,318.72,59.60,6.93,1.55,0.79,6.45,12.11,15.62,6.45,12.11,15.62,51,51,1103.51,323.76,71.49,9.96,3.82,2.18
2022/02/02T03:29:50z,84:f3:eb:7d:7:a8,6.01,2.0+OPENLOG+15552 MB+DS3231+BME280+PMSX003-B+PMSX003-A,39,38,15,994.00,0.05,36568,0,600,5.45,9.07,11.21,5.45,9.07,11.21,38,38,938.36,262.25,51.20,6.75,2.43,0.46,6.16,11.88,14.47,6.16,11.88,14.47,49,49,1093.14,324.57,66.90,10.86,3.03,0.76
2022/02/02T03:31:50z,84:f3:eb:7d:7:a8,6.01,2.0+OPENLOG+15552 MB+DS3231+BME280+PMSX003-B+PMSX003-A,39,38,16,993.94,0.05,36568,0,720,6.14,10.50,13.27,6.14,10.50,13.27,44,44,1074.59,301.07,68.45,9.00,3.07,0.46,6.33,9.93,11.67,6.33,9.93,11.67,41,41,1011.89,296.44,51.30,6.21,1.23,0.88
2022/02/02T03:33:50z,84:f3:eb:7d:7:a8,6.01,2.0+OPENLOG+15552 MB+DS3231+BME280+PMSX003-B+PMSX003-A,39,38,15,994.05,0.05,36568,0,840,7.00,11.00,13.37,7.00,11.00,13.37,46,46,1144.93,330.15,61.66,7.39,1.49,1.36,7.32,13.00,15.25,7.32,13.00,15.25,53,53,1175.80,356.41,78.66,6.61,3.25,0.17
2022/02/02T03:35:50z,84:f3:eb:7d:7:a8,6.01,2.0+OPENLOG+15552 MB+DS3231+BME280+PMSX003-B+PMSX003-A,39,38,15,994.05,0.05,36568,0,960,6.97,11.22,13.45,6.97,11.22,13.45,47,47,1175.64,335.91,60.59,6.76,2.24,1.03,7.25,11.58,12.58,7.25,11.58,12.58,48,48,1150.36,337.96,65.64,4.47,1.35,0.58
2022/02/02T03:37:50z,84:f3:eb:7d:7:a8,6.01,2.0+OPENLOG+15552 MB+DS3231+BME280+PMSX003-B+PMSX003-A,39,38,15,994.06,0.05,36568,0,1080,5.90,9.86,11.57,5.90,9.86,11.57,41,41,1008.10,281.24,56.31,6.48,1.45,1.17,5.75,9.80,10.96,5.75,9.80,10.96,41,41,931.18,272.98,54.18,5.29,1.54,0.57
2022/02/02T03:39:50z,84:f3:eb:7d:7:a8,6.01,2.0+OPENLOG+15552 MB+DS3231+BME280+PMSX003-B+PMSX003-A,39,37,15,994.18,0.05,36568,0,1200,5.04,8.80,10.87,5.04,8.80,10.87,37,37,902.62,258.00,56.29,7.49,1.75,1.45,5.64,11.26,14.36,5.64,11.26,14.36,47,47,986.17,286.72,68.45,9.97,4.17,0.00
2022/02/02T03:41:51z,84:f3:eb:7d:7:a8,6.01,2.0+OPENLOG+15552 MB+DS3231+BME280+PMSX003-B+PMSX003-A,39,37,14,994.23,nan,36656,0,120,4.84,8.07,8.77,4.84,8.07,8.77,34,34,887.93,245.56,43.91,4.47,0.70,0.00,3.90,8.41,12.18,3.90,8.41,12.18,35,35,781.00,228.00,52.85,7.64,3.85,2.26
2022/02/02T03:43:51z,84:f3:eb:7d:7:a8,6.01,2.0+OPENLOG+15552 MB+DS3231+BME280+PMSX003-B+PMSX003-A,37,36,13,994.28,0.05,36568,0,240,5.51,9.35,10.71,5.51,9.35,10.71,39,39,963.55,272.04,55.85,4.87,0.87,0.36,5.64,9.59,12.28,5.64,9.59,12.28,40,40,958.03,277.57,51.91,8.53,2.59,1.24
2022/02/02T03:45:51z,84:f3:eb:7d:7:a8,6.01,2.0+OPENLOG+15552 MB+DS3231+BME280+PMSX003-B+PMSX003-A,38,37,14,994.23,0.05,36568,0,360,6.32,10.02,11.54,6.32,10.02,11.54,42,42,1087.78,308.85,53.44,6.17,0.54,0.37,6.14,11.50,13.98,6.14,11.50,13.98,48,48,1034.30,303.86,67.54,7.80,3.29,0.71
2022/02/02T03:47:51z,84:f3:eb:7d:7:a8,6.01,2.0+OPENLOG+15552 MB+DS3231+BME280+PMSX003-B+PMSX003-A,38,37,14,994.37,0.05,36568,0,480,5.46,8.70,10.11,5.46,8.70,10.11,36,36,902.63,259.23,49.70,5.40,1.26,0.77,4.15,8.33,9.60,4.15,8.33,9.60,35,35,775.09,219.60,44.42,6.55,1.38,0.73
2022/02/02T03:49:51z,84:f3:eb:7d:7:a8,6.01,2.0+OPENLOG+15552 MB+DS3231+BME280+PMSX003-B+PMSX003-A,38,37,14,994.37,0.05,36568,0,600,4.89,8.30,10.52,4.89,8.30,10.52,35,35,861.38,238.18,53.91,5.00,2.11,0.64,4.88,8.41,9.78,4.88,8.41,9.78,35,35,835.17,242.78,49.75,5.46,1.86,0.41
2022/02/02T03:51:51z,84:f3:eb:7d:7:a8,6.01,2.0+OPENLOG+15552 MB+DS3231+BME280+PMSX003-B+PMSX003-A,38,37,14,994.44,0.05,36504,0,720,4.84,8.16,9.07,4.84,8.16,9.07,34,34,897.87,255.13,52.73,2.25,0.98,0.25,5.27,9.67,11.98,5.27,9.67,11.98,40,40,942.60,268.17,55.57,8.87,2.93,0.33
2022/02/02T03:53:51z,84:f3:eb:7d:7:a8,6.01,2.0+OPENLOG+15552 MB+DS3231+BME280+PMSX003-B+PMSX003-A,38,37,14,994.46,0.05,36504,0,840,5.00,8.37,9.34,5.00,8.37,9.34,35,35,913.58,252.90,46.69,5.42,0.68,0.37,4.89,7.56,11.25,4.89,7.56,11.25,32,32,817.11,241.89,47.25,5.96,4.11,2.18
2022/02/02T03:55:51z,84:f3:eb:7d:7:a8,6.01,2.0+OPENLOG+15552 MB+DS3231+BME280+PMSX003-B+PMSX003-A,37,37,13,994.56,0.05,36504,0,960,5.54,8.56,10.88,5.54,8.56,10.88,36,36,915.25,262.51,45.36,5.39,2.58,1.32,5.55,11.16,14.95,5.55,11.16,14.95,47,47,979.55,287.68,66.20,11.96,4.50,2.64
2022/02/02T03:57:51z,84:f3:eb:7d:7:a8,6.01,2.0+OPENLOG+15552 MB+DS3231+BME280+PMSX003-B+PMSX003-A,37,37,13,994.53,0.05,36504,0,1080,5.30,8.70,10.86,5.30,8.70,10.86,36,36,949.21,266.14,50.49,5.89,2.63,0.91,5.63,10.19,12.26,5.63,10.19,12.26,42,42,975.16,285.35,57.60,6.81,2.39,0.88
2022/02/02T03:59:51z,84:f3:eb:7d:7:a8,6.01,2.0+OPENLOG+15552 MB+DS3231+BME280+PMSX003-B+PMSX003-A,38,37,14,994.50,0.05,36504,0,1200,5.16,9.56,11.11,5.16,9.56,11.11,40,40,950.67,268.47,60.18,5.85,1.24,0.55,4.74,8.19,9.38,4.74,8.19,9.38,34,34,810.36,238.59,45.29,6.31,1.55,0.52
2022/02/02T04:01:51z,84:f3:eb:7d:7:a8,6.01,2.0+OPENLOG+15552 MB+DS3231+BME280+PMSX003-B+PMSX003-A,37,36,13,994.56,nan,36656,0,120,4.93,7.93,10.67,4.93,7.93,10.67,33,33,827.64,247.21,49.86,5.90,2.33,1.52,4.45,10.32,12.30,4.45,10.32,12.30,43,43,812.17,234.23,61.72,11.07,1.80,1.40
2022/02/02T04:03:51z,84:f3:eb:7d:7:a8,6.01,2.0+OPENLOG+15552 MB+DS3231+BME280+PMSX003-B+PMSX003-A,37,36,12,994.55,0.05,36568,0,240,3.82,7.42,9.20,3.82,7.42,9.20,31,31,753.44,209.11,40.78,8.47,1.45,0.00,3.90,7.24,9.36,3.90,7.24,9.36,30,30,790.91,226.17,44.40,6.88,2.48,0.34
2022/02/02T04:05:51z,84:f3:eb:7d:7:a8,6.01,2.0+OPENLOG+15552 MB+DS3231+BME280+PMSX003-B+PMSX003-A,37,36,12,994.58,0.05,36568,0,360,4.35,7.67,9.35,4.35,7.67,9.35,32,32,863.47,233.93,46.19,4.98,2.04,0.46,5.22,8.69,10.73,5.22,8.69,10.73,36,36,852.98,245.71,53.15,7.35,2.51,0.76
2022/02/02T04:07:51z,84:f3:eb:7d:7:a8,6.01,2.0+OPENLOG+15552 MB+DS3231+BME280+PMSX003-B+PMSX003-A,37,37,13,994.67,0.05,36568,0,480,5.23,8.53,10.88,5.23,8.53,10.88,36,36,941.79,254.56,55.49,4.95,2.25,1.26,5.36,10.56,12.36,5.36,10.56,12.36,44,44,929.89,272.25,63.07,8.36,2.44,0.15
2022/02/02T04:09:51z,84:f3:eb:7d:7:a8,6.01,2.0+OPENLOG+15552 MB+DS3231+BME280+PMSX003-B+PMSX003-A,37,36,13,994.84,0.05,36568,0,600,5.39,9.14,12.16,5.39,9.14,12.16,38,38,914.09,264.20,53.48,9.71,2.54,1.29,5.74,11.19,13.09,5.74,11.19,13.09,47,47,1016.16,297.32,69.21,8.72,2.25,0.60
2022/02/02T04:11:51z,84:f3:eb:7d:7:a8,6.01,2.0+OPENLOG+15552 MB+DS3231+BME280+PMSX003-B+PMSX003-A,36,36,12,994.81,0.05,36568,0,720,4.53,8.22,9.47,4.53,8.22,9.47,34,34,844.80,240.69,47.31,5.64,0.87,0.36,4.48,9.00,12.33,4.48,9.00,12.33,38,38,809.59,241.53,57.55,8.55,4.03,1.24
2022/02/02T04:13:51z,84:f3:eb:7d:7:a8,6.01,2.0+OPENLOG+15552 MB+DS3231+BME280+PMSX003-B+PMSX003-A,36,37,12,994.87,0.05,36568,0,840,5.04,9.25,10.96,5.04,9.25,10.96,39,39,912.80,255.36,48.54,7.32,1.39,0.18,5.25,9.63,12.72,5.25,9.63,12.72,40,40,925.74,269.51,61.63,8.32,3.44,1.44
2022/02/02T04:15:51z,84:f3:eb:7d:7:a8,6.01,2.0+OPENLOG+15552 MB+DS3231+BME280+PMSX003-B+PMSX003-A,36,37,12,994.73,0.05,36568,0,960,4.65,8.00,10.39,4.65,8.00,10.39,33,33,883.63,250.60,43.04,6.39,2.11,1.44,5.23,9.39,10.64,5.23,9.39,10.64,39,39,890.62,256.57,47.96,7.43,1.61,0.18
2022/02/02T04:17:51z,84:f3:eb:7d:7:a8,6.01,2.0+OPENLOG+15552 MB+DS3231+BME280+PMSX003-B+PMSX003-A,36,37,12,994.74,0.05,36504,0,1080,5.58,10.00,11.32,5.58,10.00,11.32,42,42,934.00,272.72,60.28,5.93,1.51,0.00,5.62,10.11,12.14,5.62,10.11,12.14,42,42,973.71,275.70,58.32,8.18,2.29,1.54
2022/02/02T04:19:51z,84:f3:eb:7d:7:a8,6.01,2.0+OPENLOG+15552 MB+DS3231+BME280+PMSX003-B+PMSX003-A,37,37,13,994.67,0.05,36504,0,1200,5.36,9.36,10.73,5.36,9.36,10.73,39,39,916.09,257.45,53.65,6.44,1.16,0.55,5.40,10.16,11.69,5.40,10.16,11.69,42,42,877.86,265.03,51.21,8.03,1.66,1.28
2022/02/02T04:21:52z,84:f3:eb:7d:7:a8,6.01,2.0+OPENLOG+15552 MB+DS3231+BME280+PMSX003-B+PMSX003-A,37,37,13,994.67,nan,36656,0,120,4.29,7.68,9.34,4.29,7.68,9.34,32,32,844.24,233.73,46.73,5.76,0.78,0.00,5.20,9.00,12.56,5.20,9.00,12.56,38,38,880.32,250.39,52.32,10.29,4.59,0.78
2022/02/02T04:23:52z,84:f3:eb:7d:7:a8,6.01,2.0+OPENLOG+15552 MB+DS3231+BME280+PMSX003-B+PMSX003-A,37,37,13,994.76,0.05,36568,0,240,5.05,8.91,10.95,5.05,8.91,10.95,37,37,878.95,252.55,53.31,7.89,2.15,0.95,6.03,10.41,12.61,6.03,10.41,12.61,43,43,977.34,286.25,63.10,7.46,2.37,1.93
2022/02/02T04:25:52z,84:f3:eb:7d:7:a8,6.01,2.0+OPENLOG+15552 MB+DS3231+BME280+PMSX003-B+PMSX003-A,37,37,13,994.83,0.05,36568,0,360,5.44,9.44,11.65,5.44,9.44,11.65,39,39,920.37,261.65,49.95,8.60,1.51,0.95,5.21,8.93,12.05,5.21,8.93,12.05,37,37,857.36,253.89,49.11,9.64,3.75,1.54
2022/02/02T04:27:52z,84:f3:eb:7d:7:a8,6.01,2.0+OPENLOG+15552 MB+DS3231+BME280+PMSX003-B+PMSX003-A,36,37,12,994.84,0.05,36568,0,480,4.39,8.61,9.82,4.39,8.61,9.82,36,36,850.26,241.53,49.47,6.67,1.09,0.00,5.02,10.09,14.26,5.02,10.09,14.26,42,42,868.79,257.32,58.09,11.63,4.70,1.82
2022/02/02T04:29:52z,84:f3:eb:7d:7:a8,6.01,2.0+OPENLOG+15552 MB+DS3231+BME280+PMSX003-B+PMSX003-A,36,36,12,994.88,0.05,36568,0,600,5.28,7.86,11.02,5.28,7.86,11.02,33,33,872.84,254.07,45.56,6.74,2.42,0.25,4.72,9.84,13.69,4.72,9.84,13.69,41,41,854.33,249.67,59.00,9.05,4.17,2.76
2022/02/02T04:31:52z,84:f3:eb:7d:7:a8,6.01,2.0+OPENLOG+15552 MB+DS3231+BME280+PMSX003-B+PMSX003-A,36,36,12,994.96,0.05,36568,0,720,5.40,8.77,11.12,5.40,8.77,11.12,37,37,924.89,267.72,51.33,5.93,2.60,1.26,5.86,9.91,13.65,5.86,9.91,13.65,41,41,956.42,277.93,59.26,9.23,4.32,2.25
2022/02/02T04:33:52z,84:f3:eb:7d:7:a8,6.01,2.0+OPENLOG+15552 MB+DS3231+BME280+PMSX003-B+PMSX003-A,36,36,12,994.92,0.05,36568,0,840,5.14,9.81,11.37,5.14,9.81,11.37,41,41,945.05,261.64,54.32,6.00,1.80,0.75,4.96,9.28,12.04,4.96,9.28,12.04,39,39,852.47,245.81,54.98,9.19,3.33,1.68
2022/02/02T04:35:52z,84:f3:eb:7d:7:a8,6.01,2.0+OPENLOG+15552 MB+DS3231+BME280+PMSX003-B+PMSX003-A,36,36,12,994.92,0.05,36568,0,960,5.17,9.56,12.19,5.17,9.56,12.19,40,40,957.66,268.49,59.58,7.41,2.95,0.85,5.31,10.41,12.80,5.31,10.41,12.80,43,43,896.89,263.59,65.39,9.22,3.07,0.41
2022/02/02T04:37:52z,84:f3:eb:7d:7:a8,6.01,2.0+OPENLOG+15552 MB+DS3231+BME280+PMSX003-B+PMSX003-A,36,37,12,994.84,0.05,36568,0,1080,4.96,8.61,10.39,4.96,8.61,10.39,36,36,917.53,253.86,47.16,7.40,1.79,0.32,5.31,10.00,14.27,5.31,10.00,14.27,42,42,930.93,271.36,60.31,10.20,5.24,1.96
2022/02/02T04:39:52z,84:f3:eb:7d:7:a8,6.01,2.0+OPENLOG+15552 MB+DS3231+BME280+PMSX003-B+PMSX003-A,36,36,12,994.83,0.05,36568,0,1200,4.62,7.57,9.18,4.62,7.57,9.18,32,32,852.38,241.41,39.39,3.93,1.43,1.04,4.50,9.47,11.24,4.50,9.47,11.24,39,39,830.33,242.47,62.45,6.00,2.34,0.76
2022/02/02T04:41:52z,84:f3:eb:7d:7:a8,6.01,2.0+OPENLOG+15552 MB+DS3231+BME280+PMSX003-B+PMSX003-A,36,37,12,994.84,nan,36656,0,119,4.34,8.44,13.90,4.34,8.44,13.90,35,35,891.00,248.98,50.46,10.29,4.73,3.51,5.18,9.95,11.20,5.18,9.95,11.20,41,41,993.83,275.77,53.28,4.95,1.60,0.55
2022/02/02T04:43:52z,84:f3:eb:7d:7:a8,6.01,2.0+OPENLOG+15552 MB+DS3231+BME280+PMSX003-B+PMSX003-A,36,37,12,994.85,0.05,36568,0,239,4.82,8.15,9.51,4.82,8.15,9.51,34,34,881.02,247.33,43.38,4.25,1.38,0.62,3.88,8.33,9.66,3.88,8.33,9.66,35,35,796.03,228.95,47.59,6.79,1.69,0.41
2022/02/02T04:45:52z,84:f3:eb:7d:7:a8,6.01,2.0+OPENLOG+15552 MB+DS3231+BME280+PMSX003-B+PMSX003-A,36,37,12,994.94,0.05,36568,0,359,4.78,8.62,11.12,4.78,8.62,11.12,36,36,861.67,240.79,52.36,6.03,2.21,1.83,5.39,8.16,10.39,5.39,8.16,10.39,34,34,901.55,260.02,43.12,5.18,2.14,0.86
2022/02/02T04:47:52z,84:f3:eb:7d:7:a8,6.01,2.0+OPENLOG+15552 MB+DS3231+BME280+PMSX003-B+PMSX003-A,36,37,12,994.99,0.05,36504,0,479,4.93,8.89,9.53,4.93,8.89,9.53,37,37,879.16,249.82,48.47,6.00,0.60,0.00,5.41,9.05,11.21,5.41,9.05,11.21,38,38,865.55,257.71,53.29,5.88,2.45,0.75
2022/02/02T04:49:52z,84:f3:eb:7d:7:a8,6.01,2.0+OPENLOG+15552 MB+DS3231+BME280+PMSX003-B+PMSX003-A,36,37,12,994.97,0.05,36504,0,599,4.48,7.61,11.14,4.48,7.61,11.14,32,32,806.95,228.05,49.36,7.29,4.25,1.07,5.61,10.57,13.48,5.61,10.57,13.48,44,44,930.59,272.48,67.34,8.38,3.57,0.89
2022/02/02T04:51:52z,84:f3:eb:7d:7:a8,6.01,2.0+OPENLOG+15552 MB+DS3231+BME280+PMSX003-B+PMSX003-A,36,37,12,994.97,0.05,36504,0,719,4.76,8.52,11.15,4.76,8.52,11.15,35,35,860.11,240.43,49.93,7.26,2.37,1.00,6.02,12.02,13.00,6.02,12.02,13.00,50,50,974.22,289.47,69.66,6.48,1.21,0.41
2022/02/02T04:53:52z,84:f3:eb:7d:7:a8,6.01,2.0+OPENLOG+15552 MB+DS3231+BME280+PMSX003-B+PMSX003-A,36,37,12,994.97,0.05,36504,0,839,4.26,8.29,11.90,4.26,8.29,11.90,35,35,851.74,237.66,48.19,9.66,3.48,2.21,5.12,9.82,11.12,5.12,9.82,11.12,41,41,867.70,252.02,53.27,7.54,2.00,0.46
2022/02/02T04:55:52z,84:f3:eb:7d:7:a8,6.01,2.0+OPENLOG+15552 MB+DS3231+BME280+PMSX003-B+PMSX003-A,36,36,12,994.89,0.05,36504,0,959,5.48,9.08,10.80,5.48,9.08,10.80,38,38,917.95,262.35,52.98,7.00,1.77,0.00,5.45,9.55,12.25,5.45,9.55,12.25,40,40,907.93,270.21,58.93,6.54,3.00,0.93
2022/02/02T04:57:52z,84:f3:eb:7d:7:a8,6.01,2.0+OPENLOG+15552 MB+DS3231+BME280+PMSX003-B+PMSX003-A,36,37,12,994.92,0.05,36504,0,1079,5.24,8.86,10.71,5.24,8.86,10.71,37,37,887.08,257.64,48.53,6.81,2.17,0.47,5.73,10.89,13.14,5.73,10.89,13.14,45,45,965.73,284.02,58.30,8.64,3.25,0.32
2022/02/02T04:59:52z,84:f3:eb:7d:7:a8,6.01,2.0+OPENLOG+15552 MB+DS3231+BME280+PMSX003-B+PMSX003-A,36,36,12,994.93,0.05,36504,0,1199,4.40,7.60,9.35,4.40,7.60,9.35,32,32,779.05,224.61,47.47,5.93,1.96,1.02,4.58,8.69,13.02,4.58,8.69,13.02,36,36,803.90,240.98,52.66,11.15,5.42,1.80
2022/02/02T05:01:53z,84:f3:eb:7d:7:a8,6.01,2.0+OPENLOG+15552 MB+DS3231+BME280+PMSX003-B+PMSX003-A,36,37,12,994.90,nan,36656,0,119,4.15,8.22,9.59,4.15,8.22,9.59,34,34,800.63,225.59,46.93,5.76,1.51,0.54,5.13,7.21,10.23,5.13,7.21,10.23,30,30,859.38,241.85,45.49,4.82,3.28,1.03
2022/02/02T05:03:53z,84:f3:eb:7d:7:a8,6.01,2.0+OPENLOG+15552 MB+DS3231+BME280+PMSX003-B+PMSX003-A,36,36,12,994.95,0.05,36568,0,239,3.87,6.84,8.82,3.87,6.84,8.82,28,28,813.93,223.29,39.07,5.93,1.31,0.87,4.98,8.39,9.67,4.98,8.39,9.67,35,35,836.37,244.40,47.21,3.93,1.72,0.49
2022/02/02T05:05:53z,84:f3:eb:7d:7:a8,6.01,2.0+OPENLOG+15552 MB+DS3231+BME280+PMSX003-B+PMSX003-A,36,36,11,994.97,0.05,36568,0,359,3.81,7.07,9.09,3.81,7.07,9.09,29,29,803.68,224.26,45.82,4.81,1.82,0.95,3.84,8.91,11.09,3.84,8.91,11.09,37,37,804.43,235.55,53.64,8.57,2.61,0.89
2022/02/02T05:07:53z,84:f3:eb:7d:7:a8,6.01,2.0+OPENLOG+15552 MB+DS3231+BME280+PMSX003-B+PMSX003-A,36,36,11,995.02,0.05,36568,0,479,3.30,6.89,9.00,3.30,6.89,9.00,29,29,784.74,212.40,40.72,6.70,1.44,0.53,4.69,8.50,10.20,4.69,8.50,10.20,35,35,850.56,247.96,45.11,6.56,1.74,0.59
2022/02/02T05:09:53z,84:f3:eb:7d:7:a8,6.01,2.0+OPENLOG+15552 MB+DS3231+BME280+PMSX003-B+PMSX003-A,35,36,10,995.09,0.05,36568,0,599,3.85,7.45,8.55,3.85,7.45,8.55,31,31,799.36,223.29,43.36,5.71,0.95,0.00,3.86,8.66,10.91,3.86,8.66,10.91,36,36,754.14,218.00,57.64,6.03,2.86,0.86
2022/02/02T05:11:53z,84:f3:eb:7d:7:a8,6.01,2.0+OPENLOG+15552 MB+DS3231+BME280+PMSX003-B+PMSX003-A,35,36,10,995.06,0.05,36568,0,719,3.13,6.80,9.09,3.13,6.80,9.09,28,28,688.17,190.07,39.67,7.89,1.52,1.15,3.72,7.48,9.90,3.72,7.48,9.90,31,31,713.38,206.81,41.79,8.21,2.48,0.90
2022/02/02T05:13:53z,84:f3:eb:7d:7:a8,6.01,2.0+OPENLOG+15552 MB+DS3231+BME280+PMSX003-B+PMSX003-A,35,36,10,995.12,0.05,36568,0,839,4.02,6.93,8.47,4.02,6.93,8.47,29,29,760.47,215.44,39.46,5.44,1.16,0.56,4.40,8.77,10.21,4.40,8.77,10.21,37,37,835.74,242.49,49.26,6.91,1.47,0.84
2022/02/02T05:15:53z,84:f3:eb:7d:7:a8,6.01,2.0+OPENLOG+15552 MB+DS3231+BME280+PMSX003-B+PMSX003-A,35,36,10,995.17,0.05,36568,0,959,3.59,7.61,9.80,3.59,7.61,9.80,32,32,818.89,228.02,50.86,5.71,2.00,0.18,3.41,6.73,9.23,3.41,6.73,9.23,28,28,696.27,207.36,47.25,4.96,2.75,1.57
2022/02/02T05:17:53z,84:f3:eb:7d:7:a8,6.01,2.0+OPENLOG+15552 MB+DS3231+BME280+PMSX003-B+PMSX003-A,35,36,10,995.18,0.05,36568,0,1079,4.08,8.03,10.85,4.08,8.03,10.85,33,33,815.44,227.86,59.98,5.86,1.93,1.93,4.30,8.51,11.46,4.30,8.51,11.46,35,35,805.11,236.28,51.95,8.84,2.81,0.67
2022/02/02T05:19:53z,84:f3:eb:7d:7:a8,6.01,2.0+OPENLOG+15552 MB+DS3231+BME280+PMSX003-B+PMSX003-A,35,36,10,995.20,0.05,36568,0,1199,4.46,8.11,10.68,4.46,8.11,10.68,34,34,832.84,236.61,43.84,8.74,1.89,1.54,4.19,8.14,10.47,4.19,8.14,10.47,34,34,791.05,231.65,47.88,7.68,2.88,0.70
2022/02/02T05:21:53z,84:f3:eb:7d:7:a8,6.01,2.0+OPENLOG+15552 MB+DS3231+BME280+PMSX003-B+PMSX003-A,35,35,10,995.18,nan,36656,0,119,4.02,8.77,11.79,4.02,8.77,11.79,37,37,822.91,233.51,57.58,8.98,2.37,1.16,2.72,7.50,13.20,2.72,7.50,13.20,31,31,704.55,196.68,51.88,13.98,5.35,2.40
2022/02/02T05:23:53z,84:f3:eb:7d:7:a8,6.01,2.0+OPENLOG+15552 MB+DS3231+BME280+PMSX003-B+PMSX003-A,35,35,10,995.29,0.05,36504,0,239,2.67,7.40,9.22,2.67,7.40,9.22,31,31,720.82,201.18,47.98,8.22,1.31,0.07,3.91,7.71,10.93,3.91,7.71,10.93,32,32,723.57,209.19,46.47,10.19,3.00,1.97
2022/02/02T05:25:53z,84:f3:eb:7d:7:a8,6.01,2.0+OPENLOG+15552 MB+DS3231+BME280+PMSX003-B+PMSX003-A,35,36,10,995.18,0.05,36504,0,359,3.65,7.79,9.58,3.65,7.79,9.58,32,32,736.16,212.23,48.28,5.61,1.51,0.49,4.52,8.16,11.41,4.52,8.16,11.41,34,34,767.62,223.32,51.20,8.14,3.07,2.61
2022/02/02T05:27:53z,84:f3:eb:7d:7:a8,6.01,2.0+OPENLOG+15552 MB+DS3231+BME280+PMSX003-B+PMSX003-A,35,36,10,995.21,0.05,36504,0,479,5.25,9.93,13.25,5.25,9.93,13.25,41,41,904.84,263.77,56.84,9.09,2.63,1.86,3.72,7.51,10.35,3.72,7.51,10.35,31,31,764.47,214.23,46.42,8.04,3.23,0.46
2022/02/02T05:29:53z,84:f3:eb:7d:7:a8,6.01,2.0+OPENLOG+15552 MB+DS3231+BME280+PMSX003-B+PMSX003-A,35,36,10,995.26,0.05,36504,0,599,3.13,6.31,8.47,3.13,6.31,8.47,26,26,667.42,191.75,40.09,6.36,2.44,0.87,3.48,8.50,12.03,3.48,8.50,12.03,35,35,736.14,214.86,56.78,9.90,3.72,1.86
2022/02/02T05:31:53z,84:f3:eb:7d:7:a8,6.01,2.0+OPENLOG+15552 MB+DS3231+BME280+PMSX003-B+PMSX003-A,35,36,10,995.30,0.05,36504,0,719,3.78,6.49,9.25,3.78,6.49,9.25,27,27,740.29,212.82,42.02,5.27,2.47,0.84,4.79,9.02,11.47,4.79,9.02,11.47,38,38,885.31,255.47,54.74,6.59,3.17,0.45
2022/02/02T05:33:53z,84:f3:eb:7d:7:a8,6.01,2.0+OPENLOG+15552 MB+DS3231+BME280+PMSX003-B+PMSX003-A,26,36,2,987.56,0.05,36504,0,839,3.34,6.66,7.77,3.34,6.66,7.77,28,28,718.39,201.91,43.57,4.82,0.82,0.00,4.48,8.54,11.43,4.48,8.54,11.43,36,36,815.84,239.02,47.79,8.02,3.25,1.07
2022/02/02T05:35:53z,84:f3:eb:7d:7:a8,6.01,2.0+OPENLOG+15552 MB+DS3231+BME280+PMSX003-B+PMSX003-A,35,36,10,995.37,0.05,36504,0,959,3.37,6.16,8.32,3.37,6.16,8.32,26,26,677.11,197.81,41.77,4.91,1.79,0.81,3.65,7.53,10.35,3.65,7.53,10.35,31,31,746.58,215.95,48.11,6.25,3.58,1.30
2022/02/02T05:37:53z,84:f3:eb:7d:7:a8,6.01,2.0+OPENLOG+15552 MB+DS3231+BME280+PMSX003-B+PMSX003-A,35,35,10,995.45,0.05,36504,0,1079,3.91,6.80,9.12,3.91,6.80,9.12,28,28,676.12,195.21,42.96,7.32,1.64,0.46,4.04,7.56,9.82,4.04,7.56,9.82,32,32,727.00,210.00,52.74,5.30,2.84,0.77
2022/02/02T05:39:53z,84:f3:eb:7d:7:a8,6.01,2.0+OPENLOG+15552 MB+DS3231+BME280+PMSX003-B+PMSX003-A,34,35,9,995.60,0.05,36504,0,1199,3.80,7.50,10.46,3.80,7.50,10.46,31,31,707.46,205.23,50.36,8.07,3.11,1.14,4.02,6.51,9.63,4.02,6.51,9.63,27,27,738.31,212.32,36.56,5.59,3.49,1.29
2022/02/02T05:41:53z,84:f3:eb:7d:7:a8,6.01,2.0+OPENLOG+15552 MB+DS3231+BME280+PMSX003-B+PMSX003-A,33,35,8,995.69,nan,36656,0,120,4.17,8.17,9.95,4.17,8.17,9.95,34,34,757.86,217.60,46.52,9.71,1.05,0.71,3.90,7.85,11.90,3.90,7.85,11.90,33,33,685.98,203.90,45.68,11.22,4.15,2.83
2022/02/02T05:43:53z,84:f3:eb:7d:7:a8,6.01,2.0+OPENLOG+15552 MB+DS3231+BME280+PMSX003-B+PMSX003-A,33,35,8,995.83,0.05,36568,0,240,2.86,5.71,8.79,2.86,5.71,8.79,24,24,603.16,165.27,36.14,5.93,3.25,2.21,4.02,7.05,9.10,4.02,7.05,9.10,29,29,705.26,202.66,41.72,6.59,2.31,0.59
2022/02/02T05:45:53z,84:f3:eb:7d:7:a8,6.01,2.0+OPENLOG+15552 MB+DS3231+BME280+PMSX003-B+PMSX003-A,33,35,8,995.89,0.05,36568,0,360,3.20,6.54,7.49,3.20,6.54,7.49,27,27,655.98,184.42,40.02,6.07,0.81,0.14,4.04,6.82,10.09,4.04,6.82,10.09,28,28,678.96,202.73,43.50,7.96,3.32,1.96
2022/02/02T05:47:53z,84:f3:eb:7d:7:a8,6.01,2.0+OPENLOG+15552 MB+DS3231+BME280+PMSX003-B+PMSX003-A,34,35,9,995.82,0.05,36568,0,480,3.85,6.92,8.42,3.85,6.92,8.42,29,29,734.44,200.78,39.64,6.03,1.59,0.64,2.73,8.27,9.93,2.73,8.27,9.93,34,34,613.69,175.82,53.69,8.25,2.33,0.58
2022/02/02T05:49:53z,84:f3:eb:7d:7:a8,6.01,2.0+OPENLOG+15552 MB+DS3231+BME280+PMSX003-B+PMSX003-A,34,35,9,995.87,0.05,36568,0,600,3.71,5.81,9.43,3.71,5.81,9.43,24,24,711.93,195.16,41.16,5.76,3.24,2.14,3.86,7.03,8.90,3.86,7.03,8.90,29,29,682.97,195.22,39.93,6.72,1.72,1.28
2022/02/02T05:51:53z,84:f3:eb:7d:7:a8,6.01,2.0+OPENLOG+15552 MB+DS3231+BME280+PMSX003-B+PMSX003-A,34,35,9,995.86,0.05,36568,0,720,3.51,5.75,8.53,3.51,5.75,8.53,24,24,640.00,181.53,39.77,6.77,2.39,1.51,3.25,6.74,9.11,3.25,6.74,9.11,28,28,636.21,186.65,46.49,6.95,2.84,0.84
2022/02/02T05:53:53z,84:f3:eb:7d:7:a8,6.01,2.0+OPENLOG+15552 MB+DS3231+BME280+PMSX003-B+PMSX003-A,33,35,8,995.97,0.05,36568,0,840,3.42,6.23,7.53,3.42,6.23,7.53,26,26,621.30,181.28,36.90,3.60,1.03,0.67,3.23,7.46,11.40,3.23,7.46,11.40,31,31,658.21,187.49,47.21,11.89,4.74,0.91
2022/02/02T05:55:53z,84:f3:eb:7d:7:a8,6.01,2.0+OPENLOG+15552 MB+DS3231+BME280+PMSX003-B+PMSX003-A,34,35,9,995.84,0.05,36568,0,960,3.46,7.00,8.02,3.46,7.00,8.02,29,29,682.37,187.30,44.61,5.16,0.39,0.39,3.25,7.89,9.25,3.25,7.89,9.25,33,33,660.27,192.38,47.56,6.82,1.27,0.44
2022/02/02T05:57:53z,84:f3:eb:7d:7:a8,6.01,2.0+OPENLOG+15552 MB+DS3231+BME280+PMSX003-B+PMSX003-A,33,35,8,995.85,0.05,36568,0,1080,1.72,4.00,5.98,1.72,4.00,5.98,17,17,466.74,133.11,23.49,5.51,2.21,0.46,2.93,6.21,7.21,2.93,6.21,7.21,26,26,602.00,177.39,37.70,5.09,1.16,0.04
2022/02/02T05:59:53z,84:f3:eb:7d:7:a8,6.01,2.0+OPENLOG+15552 MB+DS3231+BME280+PMSX003-B+PMSX003-A,33,35,8,995.88,0.05,36568,0,1200,3.88,7.07,9.62,3.88,7.07,9.62,29,29,689.52,201.96,46.52,6.54,2.82,1.36,3.00,6.59,10.41,3.00,6.59,10.41,27,27,658.86,190.00,43.34,8.29,4.28,1.69
2022/02/02T06:01:54z,84:f3:eb:7d:7:a8,6.01,2.0+OPENLOG+15552 MB+DS3231+BME280+PMSX003-B+PMSX003-A,33,35,8,995.93,nan,36656,0,120,2.75,5.70,6.93,2.75,5.70,6.93,24,24,572.93,160.50,34.45,4.91,0.91,0.27,2.68,5.76,6.24,2.68,5.76,6.24,24,24,564.66,165.46,33.44,5.41,0.68,0.00
2022/02/02T06:03:54z,84:f3:eb:7d:7:a8,6.01,2.0+OPENLOG+15552 MB+DS3231+BME280+PMSX003-B+PMSX003-A,33,35,8,995.90,0.05,36568,0,240,2.81,6.25,7.82,2.81,6.25,7.82,26,26,601.26,172.56,41.16,5.47,1.40,0.74,2.85,6.49,7.76,2.85,6.49,7.76,27,27,596.19,177.29,41.92,4.10,1.83,0.00
2022/02/02T06:05:54z,84:f3:eb:7d:7:a8,6.01,2.0+OPENLOG+15552 MB+DS3231+BME280+PMSX003-B+PMSX003-A,33,35,8,995.84,0.05,36568,0,360,2.75,5.37,6.76,2.75,5.37,6.76,22,22,565.02,162.81,32.12,5.25,1.56,0.58,3.73,7.31,10.31,3.73,7.31,10.31,30,30,677.18,200.11,45.91,7.09,2.91,1.96
2022/02/02T06:07:54z,84:f3:eb:7d:7:a8,6.01,2.0+OPENLOG+15552 MB+DS3231+BME280+PMSX003-B+PMSX003-A,32,35,7,995.76,0.05,36568,0,480,3.33,6.76,8.43,3.33,6.76,8.43,28,28,652.71,182.05,43.45,5.97,2.03,0.00,4.18,8.00,9.91,4.18,8.00,9.91,33,33,700.84,205.88,43.86,8.56,2.11,1.72
2022/02/02T06:09:54z,84:f3:eb:7d:7:a8,6.01,2.0+OPENLOG+15552 MB+DS3231+BME280+PMSX003-B+PMSX003-A,32,35,7,995.57,0.05,36568,0,600,3.57,6.41,7.11,3.57,6.41,7.11,27,27,649.98,188.12,41.23,3.79,0.18,0.00,4.34,6.97,8.45,4.34,6.97,8.45,29,29,710.64,198.53,37.55,5.72,1.48,1.00
2022/02/02T06:11:54z,84:f3:eb:7d:7:a8,6.01,2.0+OPENLOG+15552 MB+DS3231+BME280+PMSX003-B+PMSX003-A,33,35,8,995.87,0.05,36504,0,720,2.80,4.80,6.56,2.80,4.80,6.56,20,20,558.22,159.52,33.94,4.11,1.63,0.44,3.86,7.07,9.79,3.86,7.07,9.79,29,29,704.74,205.21,38.91,7.82,3.26,0.70
2022/02/02T06:13:54z,84:f3:eb:7d:7:a8,6.01,2.0+OPENLOG+15552 MB+DS3231+BME280+PMSX003-B+PMSX003-A,33,35,8,995.90,0.05,36504,0,840,3.05,5.44,6.14,3.05,5.44,6.14,23,23,591.95,169.89,37.42,2.49,0.84,0.00,2.96,6.11,8.36,2.96,6.11,8.36,25,25,620.41,182.89,38.05,5.32,2.29,1.25
2022/02/02T06:15:54z,84:f3:eb:7d:7:a8,6.01,2.0+OPENLOG+15552 MB+DS3231+BME280+PMSX003-B+PMSX003-A,32,35,7,995.94,0.05,36504,0,960,3.37,6.14,8.19,3.37,6.14,8.19,26,26,655.37,186.00,38.49,4.85,1.63,1.22,3.70,8.22,11.30,3.70,8.22,11.30,34,34,695.83,208.76,50.85,9.65,3.89,0.56
2022/02/02T06:17:54z,84:f3:eb:7d:7:a8,6.01,2.0+OPENLOG+15552 MB+DS3231+BME280+PMSX003-B+PMSX003-A,33,35,8,995.93,0.05,36504,0,1080,4.03,7.19,8.91,4.03,7.19,8.91,30,30,728.59,209.74,44.14,5.24,1.07,0.72,4.12,6.29,9.28,4.12,6.29,9.28,26,26,669.26,191.07,37.28,7.31,3.66,0.48
2022/02/02T06:19:54z,84:f3:eb:7d:7:a8,6.01,2.0+OPENLOG+15552 MB+DS3231+BME280+PMSX003-B+PMSX003-A,33,36,8,995.93,0.05,36504,0,1200,2.91,6.95,8.45,2.91,6.95,8.45,29,29,639.93,179.64,42.71,6.91,1.60,1.27,4.18,7.28,10.03,4.18,7.28,10.03,30,30,695.50,204.77,45.42,7.08,3.33,1.70
2022/02/02T06:21:55z,84:f3:eb:7d:7:a8,6.01,2.0+OPENLOG+15552 MB+DS3231+BME280+PMSX003-B+PMSX003-A,32,36,8,996.04,nan,36656,0,120,3.57,6.34,7.61,3.57,6.34,7.61,26,26,712.91,197.57,36.36,3.36,1.36,0.86,4.64,8.46,13.64,4.64,8.46,13.64,35,35,787.38,224.51,51.54,10.38,6.33,1.85
2022/02/02T06:23:55z,84:f3:eb:7d:7:a8,6.01,2.0+OPENLOG+15552 MB+DS3231+BME280+PMSX003-B+PMSX003-A,33,36,9,996.08,0.05,36568,0,240,3.07,6.14,8.54,3.07,6.14,8.54,26,26,645.11,176.68,39.19,8.07,1.61,1.61,4.38,7.87,11.17,4.38,7.87,11.17,33,33,679.95,205.28,45.95,10.10,3.70,0.37
2022/02/02T06:25:55z,84:f3:eb:7d:7:a8,6.01,2.0+OPENLOG+15552 MB+DS3231+BME280+PMSX003-B+PMSX003-A,32,35,7,996.13,0.05,36568,0,360,3.33,6.90,9.02,3.33,6.90,9.02,29,29,662.95,186.08,44.35,6.63,2.40,0.17,3.05,6.70,10.00,3.05,6.70,10.00,28,28,651.75,187.04,43.41,6.82,3.96,0.75
2022/02/02T06:27:55z,84:f3:eb:7d:7:a8,6.01,2.0+OPENLOG+15552 MB+DS3231+BME280+PMSX003-B+PMSX003-A,33,36,9,996.14,0.05,36568,0,480,4.05,6.98,8.09,4.05,6.98,8.09,29,29,687.37,200.54,39.23,4.00,0.84,0.18,3.90,6.48,11.21,3.90,6.48,11.21,27,27,667.81,199.03,43.66,8.00,4.90,2.34
2022/02/02T06:29:55z,84:f3:eb:7d:7:a8,6.01,2.0+OPENLOG+15552 MB+DS3231+BME280+PMSX003-B+PMSX003-A,32,36,8,996.18,0.05,36568,0,600,2.75,4.95,7.66,2.75,4.95,7.66,21,21,578.04,160.20,35.88,5.32,2.36,0.61,3.24,6.33,8.62,3.24,6.33,8.62,26,26,619.76,180.12,34.12,6.55,2.21,1.31
2022/02/02T06:31:55z,84:f3:eb:7d:7:a8,6.01,2.0+OPENLOG+15552 MB+DS3231+BME280+PMSX003-B+PMSX003-A,32,36,8,996.25,0.05,36504,0,720,3.60,6.73,8.58,3.60,6.73,8.58,28,28,655.80,188.07,39.98,6.04,1.60,0.33,4.41,7.76,9.67,4.41,7.76,9.67,32,32,718.97,207.69,42.66,8.52,2.34,0.41
2022/02/02T06:33:55z,84:f3:eb:7d:7:a8,6.01,2.0+OPENLOG+15552 MB+DS3231+BME280+PMSX003-B+PMSX003-A,32,36,8,996.26,0.05,36504,0,840,2.34,5.36,7.27,2.34,5.36,7.27,22,22,570.25,158.15,31.81,5.22,2.14,0.88,2.61,5.42,7.63,2.61,5.42,7.63,23,23,567.53,161.60,35.74,5.72,2.56,0.70
2022/02/02T06:35:55z,84:f3:eb:7d:7:a8,6.01,2.0+OPENLOG+15552 MB+DS3231+BME280+PMSX003-B+PMSX003-A,32,36,8,996.28,0.05,36504,0,960,2.72,6.74,7.60,2.72,6.74,7.60,28,28,588.62,168.55,41.41,4.66,0.83,0.66,3.62,6.76,8.36,3.62,6.76,8.36,28,28,654.76,192.84,41.02,3.42,1.78,0.84
2022/02/02T06:37:55z,84:f3:eb:7d:7:a8,6.01,2.0+OPENLOG+15552 MB+DS3231+BME280+PMSX003-B+PMSX003-A,32,36,8,996.28,0.05,36504,0,1080,2.95,5.34,6.10,2.95,5.34,6.10,22,22,583.93,167.36,30.81,2.81,0.34,0.34,4.07,8.10,11.97,4.07,8.10,11.97,34,34,717.83,210.79,49.55,9.67,4.31,1.97
2022/02/02T06:39:55z,84:f3:eb:7d:7:a8,6.01,2.0+OPENLOG+15552 MB+DS3231+BME280+PMSX003-B+PMSX003-A,32,36,8,996.30,0.05,36504,0,1200,2.49,5.07,8.07,2.49,5.07,8.07,21,21,608.56,167.51,35.05,4.87,2.04,2.04,2.62,6.57,8.71,2.62,6.57,8.71,27,27,561.26,167.93,42.10,7.52,2.41,0.79
2022/02/02T06:41:56z,84:f3:eb:7d:7:a8,6.01,2.0+OPENLOG+15552 MB+DS3231+BME280+PMSX003-B+PMSX003-A,31,36,7,996.43,nan,36656,0,120,2.93,6.30,7.93,2.93,6.30,7.93,26,26,619.74,175.19,38.51,4.98,1.26,0.79,2.72,5.41,9.36,2.72,5.41,9.36,23,23,580.46,169.69,36.51,7.18,4.05,2.10
2022/02/02T06:43:56z,84:f3:eb:7d:7:a8,6.01,2.0+OPENLOG+15552 MB+DS3231+BME280+PMSX003-B+PMSX003-A,31,36,7,996.41,0.05,36568,0,240,3.61,6.12,8.04,3.61,6.12,8.04,26,26,674.74,190.82,38.16,4.00,1.37,0.53,3.62,7.87,9.12,3.62,7.87,9.12,33,33,708.65,204.55,46.32,6.90,1.63,0.43
2022/02/02T06:45:56z,84:f3:eb:7d:7:a8,6.01,2.0+OPENLOG+15552 MB+DS3231+BME280+PMSX003-B+PMSX003-A,32,37,8,996.47,0.05,36568,0,360,3.64,7.22,10.00,3.64,7.22,10.00,30,30,687.62,196.40,44.91,9.07,2.69,0.86,3.73,7.18,8.82,3.73,7.18,8.82,30,30,633.16,189.32,37.48,7.68,1.93,0.68
2022/02/02T06:47:56z,84:f3:eb:7d:7:a8,6.01,2.0+OPENLOG+15552 MB+DS3231+BME280+PMSX003-B+PMSX003-A,31,37,8,996.50,0.05,36568,0,480,3.70,7.61,9.46,3.70,7.61,9.46,32,32,688.79,195.49,51.60,7.61,1.51,1.12,4.04,7.02,10.60,4.04,7.02,10.60,29,29,692.95,208.33,39.71,7.27,3.67,2.22
2022/02/02T06:49:56z,84:f3:eb:7d:7:a8,6.01,2.0+OPENLOG+15552 MB+DS3231+BME280+PMSX003-B+PMSX003-A,31,37,8,996.47,0.05,36568,0,600,3.22,5.55,7.47,3.22,5.55,7.47,23,23,640.76,174.57,42.02,3.97,1.55,0.62,4.34,8.42,10.17,4.34,8.42,10.17,35,35,731.95,213.44,50.00,6.08,1.59,0.64
2022/02/02T06:51:56z,84:f3:eb:7d:7:a8,6.01,2.0+OPENLOG+15552 MB+DS3231+BME280+PMSX003-B+PMSX003-A,32,37,9,996.59,0.05,36568,0,720,3.02,6.58,9.74,3.02,6.58,9.74,27,27,641.16,176.26,45.40,8.91,2.74,1.19,4.20,7.83,8.92,4.20,7.83,8.92,33,33,708.41,211.97,48.17,5.59,1.63,0.47
2022/02/02T06:53:56z,84:f3:eb:7d:7:a8,6.01,2.0+OPENLOG+15552 MB+DS3231+BME280+PMSX003-B+PMSX003-A,32,37,9,996.55,0.05,36568,0,840,2.96,5.75,7.50,2.96,5.75,7.50,24,24,618.80,175.89,37.14,5.29,1.00,0.57,2.32,6.44,8.60,2.32,6.44,8.60,27,27,587.16,167.21,37.74,9.23,2.91,0.77
2022/02/02T06:55:56z,84:f3:eb:7d:7:a8,6.01,2.0+OPENLOG+15552 MB+DS3231+BME280+PMSX003-B+PMSX003-A,31,37,8,996.55,0.05,36568,0,960,2.74,5.91,7.04,2.74,5.91,7.04,25,25,606.47,172.35,36.32,3.82,0.77,0.77,3.80,7.15,9.04,3.80,7.15,9.04,30,30,642.49,192.44,40.45,5.55,2.22,0.62
2022/02/02T06:57:56z,84:f3:eb:7d:7:a8,6.01,2.0+OPENLOG+15552 MB+DS3231+BME280+PMSX003-B+PMSX003-A,32,37,9,996.59,0.05,36568,0,1080,3.03,6.00,6.52,3.03,6.00,6.52,25,25,621.05,172.55,32.64,4.28,0.45,0.45,2.50,6.02,9.27,2.50,6.02,9.27,25,25,535.66,158.20,36.45,6.96,3.39,1.46
2022/02/02T06:59:56z,84:f3:eb:7d:7:a8,6.01,2.0+OPENLOG+15552 MB+DS3231+BME280+PMSX003-B+PMSX003-A,32,37,9,996.60,0.05,36568,0,1200,3.18,6.54,8.71,3.18,6.54,8.71,27,27,625.29,182.57,35.04,6.75,1.68,1.32,3.78,8.88,11.19,3.78,8.88,11.19,37,37,700.37,206.66,51.64,9.51,2.37,1.59
2022/02/02T07:01:57z,84:f3:eb:7d:7:a8,6.01,2.0+OPENLOG+15552 MB+DS3231+BME280+PMSX003-B+PMSX003-A,31,37,8,996.73,nan,36656,0,120,4.12,5.98,8.88,4.12,5.98,8.88,25,25,675.86,194.90,35.90,5.14,2.52,1.62,3.41,6.73,9.22,3.41,6.73,9.22,28,28,655.32,193.22,36.56,7.29,2.63,0.98
2022/02/02T07:03:57z,84:f3:eb:7d:7:a8,6.01,2.0+OPENLOG+15552 MB+DS3231+BME280+PMSX003-B+PMSX003-A,32,38,9,996.71,0.05,36568,0,240,3.47,6.81,9.67,3.47,6.81,9.67,28,28,638.37,181.89,43.67,7.65,1.93,1.93,3.93,8.04,9.81,3.93,8.04,9.81,33,33,679.05,201.32,47.93,6.33,1.44,1.19
2022/02/02T07:05:57z,84:f3:eb:7d:7:a8,6.01,2.0+OPENLOG+15552 MB+DS3231+BME280+PMSX003-B+PMSX003-A,31,37,8,996.81,0.05,36568,0,360,2.64,6.55,9.02,2.64,6.55,9.02,27,27,616.45,168.88,40.40,6.76,1.97,1.28,2.62,6.34,8.39,2.62,6.34,8.39,26,26,559.29,163.05,37.71,6.32,2.14,1.07
2022/02/02T07:07:57z,84:f3:eb:7d:7:a8,6.01,2.0+OPENLOG+15552 MB+DS3231+BME280+PMSX003-B+PMSX003-A,31,37,8,996.67,0.05,36504,0,480,3.88,6.88,7.77,3.88,6.88,7.77,29,29,658.74,191.05,32.93,4.88,0.49,0.49,2.35,8.31,11.22,2.35,8.31,11.22,35,35,624.50,179.89,48.63,9.81,3.15,1.07
2022/02/02T07:09:57z,84:f3:eb:7d:7:a8,6.01,2.0+OPENLOG+15552 MB+DS3231+BME280+PMSX003-B+PMSX003-A,32,38,9,996.75,0.05,36504,0,600,3.72,7.21,8.71,3.72,7.21,8.71,30,30,673.81,188.66,38.16,8.10,0.72,0.00,3.69,7.76,11.00,3.69,7.76,11.00,32,32,637.14,193.02,50.83,7.76,3.59,1.17
2022/02/02T07:11:57z,84:f3:eb:7d:7:a8,6.01,2.0+OPENLOG+15552 MB+DS3231+BME280+PMSX003-B+PMSX003-A,32,38,9,996.79,0.05,36504,0,720,3.35,6.11,7.81,3.35,6.11,7.81,25,25,634.21,180.77,35.53,5.51,1.30,0.81,3.74,7.91,12.54,3.74,7.91,12.54,33,33,672.89,196.51,48.00,9.33,4.63,2.63
2022/02/02T07:13:57z,84:f3:eb:7d:7:a8,6.01,2.0+OPENLOG+15552 MB+DS3231+BME280+PMSX003-B+PMSX003-A,32,38,9,996.78,0.05,36504,0,840,3.59,5.32,6.95,3.59,5.32,6.95,22,22,623.36,175.82,39.07,3.57,1.36,0.43,4.02,7.93,10.88,4.02,7.93,10.88,33,33,697.84,204.65,50.14,8.00,3.54,1.02
2022/02/02T07:15:57z,84:f3:eb:7d:7:a8,6.01,2.0+OPENLOG+15552 MB+DS3231+BME280+PMSX003-B+PMSX003-A,30,38,7,996.69,0.05,36504,0,960,3.46,6.40,9.42,3.46,6.40,9.42,27,27,645.79,186.00,38.25,7.58,3.19,0.81,3.78,7.64,10.85,3.78,7.64,10.85,32,32,687.82,203.04,48.80,8.00,3.82,1.13
2022/02/02T07:17:57z,84:f3:eb:7d:7:a8,6.01,2.0+OPENLOG+15552 MB+DS3231+BME280+PMSX003-B+PMSX003-A,31,38,8,996.78,0.05,36504,0,1080,4.14,6.76,10.00,4.14,6.76,10.00,28,28,720.71,205.61,43.05,5.49,2.61,0.95,4.00,9.38,13.23,4.00,9.38,13.23,39,39,736.98,209.79,52.54,10.18,4.36,1.54
2022/02/02T07:19:57z,84:f3:eb:7d:7:a8,6.01,2.0+OPENLOG+15552 MB+DS3231+BME280+PMSX003-B+PMSX003-A,31,38,8,996.81,0.05,36504,0,1200,2.69,5.35,7.18,2.69,5.35,7.18,22,22,564.71,160.84,33.00,4.76,1.78,0.84,3.40,6.67,10.45,3.40,6.67,10.45,28,28,621.62,184.05,39.47,8.66,4.21,1.17
2022/02/02T07:21:57z,84:f3:eb:7d:7:a8,6.01,2.0+OPENLOG+15552 MB+DS3231+BME280+PMSX003-B+PMSX003-A,31,39,8,996.79,nan,36656,0,119,3.59,5.61,7.23,3.59,5.61,7.23,23,23,650.59,179.59,35.68,3.77,1.36,0.00,4.43,8.65,11.82,4.43,8.65,11.82,36,36,741.45,214.62,45.15,11.25,3.10,1.40
2022/02/02T07:23:57z,84:f3:eb:7d:7:a8,6.01,2.0+OPENLOG+15552 MB+DS3231+BME280+PMSX003-B+PMSX003-A,31,39,9,996.73,0.05,36504,0,239,4.13,7.04,9.71,4.13,7.04,9.71,29,29,709.42,201.02,56.29,6.04,1.31,0.80,3.42,8.19,11.93,3.42,8.19,11.93,34,34,672.10,197.90,50.88,11.08,3.53,1.53
2022/02/02T07:25:57z,84:f3:eb:7d:7:a8,6.01,2.0+OPENLOG+15552 MB+DS3231+BME280+PMSX003-B+PMSX003-A,30,39,8,996.84,0.05,36504,0,359,3.48,7.59,9.22,3.48,7.59,9.22,32,32,655.50,191.60,46.53,5.86,0.93,0.66,4.04,8.55,12.25,4.04,8.55,12.25,36,36,736.53,213.11,54.67,8.58,3.75,2.33
2022/02/02T07:27:57z,84:f3:eb:7d:7:a8,6.01,2.0+OPENLOG+15552 MB+DS3231+BME280+PMSX003-B+PMSX003-A,30,39,8,996.89,0.05,36504,0,479,3.12,6.53,7.89,3.12,6.53,7.89,27,27,655.58,188.75,40.72,3.40,1.33,0.70,3.32,6.81,9.56,3.32,6.81,9.56,28,28,626.63,180.19,38.02,7.93,3.19,0.88
2022/02/02T07:29:57z,84:f3:eb:7d:7:a8,6.01,2.0+OPENLOG+15552 MB+DS3231+BME280+PMSX003-B+PMSX003-A,31,39,8,996.89,0.05,36504,0,599,3.75,8.05,9.52,3.75,8.05,9.52,34,34,685.71,199.75,55.18,5.21,1.50,0.64,3.02,6.92,9.34,3.02,6.92,9.34,29,29,643.98,187.41,42.46,5.93,2.83,0.37
2022/02/02T07:31:57z,84:f3:eb:7d:7:a8,6.01,2.0+OPENLOG+15552 MB+DS3231+BME280+PMSX003-B+PMSX003-A,30,38,7,996.95,0.05,36504,0,719,3.51,6.47,8.93,3.51,6.47,8.93,27,27,666.05,186.35,38.91,6.18,1.47,0.63,3.89,6.67,9.02,3.89,6.67,9.02,28,28,644.84,191.54,46.60,4.98,2.39,1.23
2022/02/02T07:33:57z,84:f3:eb:7d:7:a8,6.01,2.0+OPENLOG+15552 MB+DS3231+BME280+PMSX003-B+PMSX003-A,31,38,8,997.04,0.05,36504,0,839,2.83,6.52,7.93,2.83,6.52,7.93,27,27,649.60,180.50,40.64,5.10,0.76,0.52,3.33,7.81,10.16,3.33,7.81,10.16,33,33,656.33,187.84,42.74,10.86,2.55,1.21
2022/02/02T07:35:57z,84:f3:eb:7d:7:a8,6.01,2.0+OPENLOG+15552 MB+DS3231+BME280+PMSX003-B+PMSX003-A,31,38,8,997.04,0.05,36504,0,959,4.00,7.11,8.75,4.00,7.11,8.75,30,30,710.53,199.32,48.49,5.82,1.30,0.35,4.31,10.15,13.48,4.31,10.15,13.48,42,42,736.67,220.46,65.33,9.48,3.48,1.44
2022/02/02T07:37:57z,84:f3:eb:7d:7:a8,6.01,2.0+OPENLOG+15552 MB+DS3231+BME280+PMSX003-B+PMSX003-A,30,38,7,997.07,0.05,36504,0,1079,2.54,5.32,6.89,2.54,5.32,6.89,22,22,511.23,148.46,40.55,4.18,1.89,0.29,3.53,7.95,11.04,3.53,7.95,11.04,33,33,675.11,195.61,44.04,8.33,3.44,1.61
2022/02/02T07:39:57z,84:f3:eb:7d:7:a8,6.01,2.0+OPENLOG+15552 MB+DS3231+BME280+PMSX003-B+PMSX003-A,31,38,8,996.94,0.05,36504,0,1199,1.96,4.28,6.58,1.96,4.28,6.58,18,18,492.53,136.39,27.93,4.91,1.61,1.09,2.28,5.71,6.86,2.28,5.71,6.86,24,24,543.00,154.83,31.66,5.48,1.17,0.69
2022/02/02T07:41:58z,84:f3:eb:7d:7:a8,6.01,2.0+OPENLOG+15552 MB+DS3231+BME280+PMSX003-B+PMSX003-A,30,37,7,997.03,nan,36656,0,120,1.95,4.55,6.00,1.95,4.55,6.00,19,19,488.80,136.16,35.18,3.05,0.91,0.91,2.36,4.67,8.21,2.36,4.67,8.21,19,19,474.23,142.46,27.95,7.33,4.00,1.69
2022/02/02T07:43:58z,84:f3:eb:7d:7:a8,6.01,2.0+OPENLOG+15552 MB+DS3231+BME280+PMSX003-B+PMSX003-A,30,37,7,997.07,0.05,36568,0,240,2.25,5.36,6.80,2.25,5.36,6.80,22,22,564.11,154.98,32.71,4.33,0.87,0.33,2.17,5.10,7.66,2.17,5.10,7.66,21,21,515.69,152.49,31.47,5.29,3.05,0.88
2022/02/02T07:45:58z,84:f3:eb:7d:7:a8,6.01,2.0+OPENLOG+15552 MB+DS3231+BME280+PMSX003-B+PMSX003-A,30,37,7,997.02,0.05,36568,0,360,2.00,4.32,6.22,2.00,4.32,6.22,18,18,504.41,143.10,29.85,3.86,1.86,0.51,1.79,5.79,8.80,1.79,5.79,8.80,24,24,505.12,144.29,39.89,7.43,3.43,1.79
2022/02/02T07:47:58z,84:f3:eb:7d:7:a8,6.01,2.0+OPENLOG+15552 MB+DS3231+BME280+PMSX003-B+PMSX003-A,30,37,7,997.25,0.05,36504,0,480,2.67,6.52,8.05,2.67,6.52,8.05,27,27,610.20,173.12,38.95,4.00,1.13,0.70,2.89,7.96,10.16,2.89,7.96,10.16,33,33,606.00,178.65,46.60,6.95,2.51,0.65
2022/02/02T07:49:58z,84:f3:eb:7d:7:a8,6.01,2.0+OPENLOG+15552 MB+DS3231+BME280+PMSX003-B+PMSX003-A,30,37,7,997.30,0.05,36504,0,600,3.47,6.47,7.58,3.47,6.47,7.58,27,27,617.42,176.11,40.30,3.72,0.81,0.42,2.62,6.64,9.22,2.62,6.64,9.22,28,28,568.55,167.78,40.91,8.86,2.59,1.38
2022/02/02T07:51:58z,84:f3:eb:7d:7:a8,6.01,2.0+OPENLOG+15552 MB+DS3231+BME280+PMSX003-B+PMSX003-A,29,37,6,997.26,0.05,36320,0,720,3.17,5.80,7.93,3.17,5.80,7.93,24,24,603.22,170.91,38.85,6.15,1.56,1.07,3.95,7.25,12.73,3.95,7.25,12.73,30,30,641.69,198.95,45.17,11.15,5.69,2.00
2022/02/02T07:53:58z,84:f3:eb:7d:7:a8,6.01,2.0+OPENLOG+15552 MB+DS3231+BME280+PMSX003-B+PMSX003-A,30,38,7,997.32,0.05,36504,0,840,3.57,6.78,9.38,3.57,6.78,9.38,28,28,666.98,189.34,45.48,7.41,0.97,0.59,3.02,6.37,9.72,3.02,6.37,9.72,27,27,589.26,175.05,43.00,8.14,3.54,1.30
2022/02/02T07:55:58z,84:f3:eb:7d:7:a8,6.01,2.0+OPENLOG+15552 MB+DS3231+BME280+PMSX003-B+PMSX003-A,30,38,7,997.38,0.05,36504,0,960,2.27,5.48,7.32,2.27,5.48,7.32,23,23,559.85,160.42,35.27,5.47,1.73,0.37,2.75,6.77,9.32,2.75,6.77,9.32,28,28,596.57,176.18,44.55,7.55,2.71,0.79
2022/02/02T07:57:58z,84:f3:eb:7d:7:a8,6.01,2.0+OPENLOG+15552 MB+DS3231+BME280+PMSX003-B+PMSX003-A,30,37,7,997.40,0.05,36504,0,1080,2.29,5.23,6.93,2.29,5.23,6.93,22,22,556.23,154.32,33.61,4.46,1.07,1.07,3.14,7.12,9.77,3.14,7.12,9.77,30,30,608.09,182.59,47.82,7.70,2.93,0.93
2022/02/02T07:59:58z,84:f3:eb:7d:7:a8,6.01,2.0+OPENLOG+15552 MB+DS3231+BME280+PMSX003-B+PMSX003-A,29,37,6,997.42,0.05,36504,0,1200,2.50,6.04,7.80,2.50,6.04,7.80,25,25,538.07,150.52,37.20,8.25,1.04,0.82,3.53,6.85,9.95,3.53,6.85,9.95,29,29,598.50,174.65,42.52,7.73,3.43,1.57
2022/02/02T08:01:58z,84:f3:eb:7d:7:a8,6.01,2.0+OPENLOG+15552 MB+DS3231+BME280+PMSX003-B+PMSX003-A,30,38,7,997.48,nan,36656,0,120,2.65,5.47,8.33,2.65,5.47,8.33,23,23,552.56,161.16,34.07,4.56,2.56,1.44,3.12,7.63,9.07,3.12,7.63,9.07,32,32,620.20,184.73,42.34,7.27,2.15,0.24
2022/02/02T08:03:58z,84:f3:eb:7d:7:a8,6.01,2.0+OPENLOG+15552 MB+DS3231+BME280+PMSX003-B+PMSX003-A,29,37,6,997.54,0.05,36568,0,240,2.71,6.43,9.41,2.71,6.43,9.41,27,27,572.84,164.27,43.30,7.00,2.93,1.46,3.09,6.04,8.40,3.09,6.04,8.40,25,25,614.53,175.49,38.63,5.16,2.63,1.54
2022/02/02T08:05:58z,84:f3:eb:7d:7:a8,6.01,2.0+OPENLOG+15552 MB+DS3231+BME280+PMSX003-B+PMSX003-A,29,38,6,997.56,0.05,36568,0,360,2.63,6.70,8.40,2.63,6.70,8.40,28,28,589.32,168.04,36.70,6.46,1.96,0.53,3.93,7.33,8.62,3.93,7.33,8.62,31,31,632.53,189.22,40.38,5.38,1.28,0.52
2022/02/02T08:07:58z,84:f3:eb:7d:7:a8,6.01,2.0+OPENLOG+15552 MB+DS3231+BME280+PMSX003-B+PMSX003-A,30,38,7,997.63,0.05,36568,0,480,2.54,5.31,8.00,2.54,5.31,8.00,22,22,579.15,159.97,30.00,6.14,2.20,1.02,3.60,8.56,10.13,3.60,8.56,10.13,36,36,664.85,195.04,45.35,8.75,1.85,0.51
2022/02/02T08:09:58z,84:f3:eb:7d:7:a8,6.01,2.0+OPENLOG+15552 MB+DS3231+BME280+PMSX003-B+PMSX003-A,30,37,7,997.66,0.05,36568,0,600,2.88,4.96,7.14,2.88,4.96,7.14,21,21,581.57,163.05,27.25,5.64,1.75,1.04,3.22,6.19,8.97,3.22,6.19,8.97,26,26,581.59,171.14,37.68,6.17,2.58,2.03
2022/02/02T08:11:58z,84:f3:eb:7d:7:a8,6.01,2.0+OPENLOG+15552 MB+DS3231+BME280+PMSX003-B+PMSX003-A,29,38,6,997.67,0.05,36504,0,720,3.95,7.00,9.38,3.95,7.00,9.38,29,29,673.07,193.89,43.21,6.57,2.04,1.00,3.72,8.48,10.93,3.72,8.48,10.93,35,35,686.59,201.62,45.31,9.79,2.14,1.31
2022/02/02T08:13:58z,84:f3:eb:7d:7:a8,6.01,2.0+OPENLOG+15552 MB+DS3231+BME280+PMSX003-B+PMSX003-A,29,38,6,997.65,0.05,36504,0,840,4.23,8.29,11.14,4.23,8.29,11.14,35,35,737.46,207.70,48.73,8.96,1.96,1.11,3.48,7.34,12.45,3.48,7.34,12.45,31,31,656.95,191.91,46.53,10.38,5.28,2.21
2022/02/02T08:15:58z,84:f3:eb:7d:7:a8,6.01,2.0+OPENLOG+15552 MB+DS3231+BME280+PMSX003-B+PMSX003-A,29,38,7,997.74,0.05,36504,0,960,3.22,6.10,7.68,3.22,6.10,7.68,25,25,667.55,182.35,42.55,4.07,1.70,0.67,3.16,6.95,8.40,3.16,6.95,8.40,29,29,608.89,175.78,44.67,6.73,1.85,0.40
2022/02/02T08:17:58z,84:f3:eb:7d:7:a8,6.01,2.0+OPENLOG+15552 MB+DS3231+BME280+PMSX003-B+PMSX003-A,30,38,7,997.77,0.05,36504,0,1080,2.82,5.55,6.32,2.82,5.55,6.32,23,23,613.12,171.77,35.57,3.86,0.96,0.14,3.79,7.72,8.21,3.79,7.72,8.21,32,32,710.02,202.91,38.79,5.10,0.48,0.00
2022/02/02T08:19:58z,84:f3:eb:7d:7:a8,6.01,2.0+OPENLOG+15552 MB+DS3231+BME280+PMSX003-B+PMSX003-A,30,38,7,997.76,0.05,36504,0,1200,3.21,6.25,7.09,3.21,6.25,7.09,26,26,634.45,178.64,34.25,4.36,0.89,0.39,2.96,6.02,9.33,2.96,6.02,9.33,25,25,595.16,174.39,41.49,6.81,3.05,1.75
2022/02/02T08:22:00z,84:f3:eb:7d:7:a8,6.01,2.0+OPENLOG+15552 MB+DS3231+BME280+PMSX003-B+PMSX003-A,30,38,7,997.67,nan,36656,0,121,3.00,5.79,8.98,3.00,5.79,8.98,24,24,593.86,167.91,38.30,8.19,2.14,1.21,3.12,6.47,9.43,3.12,6.47,9.43,27,27,622.20,185.00,32.88,7.65,3.10,1.35
2022/02/02T08:24:00z,84:f3:eb:7d:7:a8,6.01,2.0+OPENLOG+15552 MB+DS3231+BME280+PMSX003-B+PMSX003-A,30,37,7,997.71,0.05,36504,0,241,2.25,5.36,8.54,2.25,5.36,8.54,22,22,549.00,154.25,38.89,5.61,3.04,0.75,3.39,6.98,10.90,3.39,6.98,10.90,29,29,650.03,189.92,42.53,7.46,4.14,1.86
2022/02/02T08:26:00z,84:f3:eb:7d:7:a8,6.01,2.0+OPENLOG+15552 MB+DS3231+BME280+PMSX003-B+PMSX003-A,30,37,7,997.75,0.05,36504,0,361,2.79,7.33,8.40,2.79,7.33,8.40,31,31,631.40,177.41,44.22,7.41,0.97,0.00,2.62,7.39,10.89,2.62,7.39,10.89,31,31,607.93,181.59,42.45,10.52,3.77,1.39
2022/02/02T08:28:00z,84:f3:eb:7d:7:a8,6.01,2.0+OPENLOG+15552 MB+DS3231+BME280+PMSX003-B+PMSX003-A,30,37,7,997.74,0.05,36504,0,481,3.62,6.70,9.50,3.62,6.70,9.50,28,28,671.85,190.30,40.50,8.07,2.83,0.40,3.79,6.59,10.34,3.79,6.59,10.34,27,27,649.82,193.43,38.79,7.61,4.00,1.86
2022/02/02T08:30:00z,84:f3:eb:7d:7:a8,6.01,2.0+OPENLOG+15552 MB+DS3231+BME280+PMSX003-B+PMSX003-A,29,37,6,997.83,0.05,36504,0,601,3.93,7.04,11.86,3.93,7.04,11.86,29,29,699.54,199.11,47.20,8.93,4.82,2.21,3.78,6.93,10.41,3.78,6.93,10.41,29,29,631.19,188.19,44.19,6.90,3.69,1.83
2022/02/02T08:32:00z,84:f3:eb:7d:7:a8,6.01,2.0+OPENLOG+15552 MB+DS3231+BME280+PMSX003-B+PMSX003-A,29,37,6,997.88,0.05,36504,0,721,2.75,6.00,7.62,2.75,6.00,7.62,25,25,591.27,161.61,36.71,6.11,0.71,0.54,4.30,7.93,9.75,4.30,7.93,9.75,33,33,699.32,203.39,44.81,6.35,2.42,0.70
2022/02/02T08:34:00z,84:f3:eb:7d:7:a8,6.01,2.0+OPENLOG+15552 MB+DS3231+BME280+PMSX003-B+PMSX003-A,30,38,7,997.94,0.05,36504,0,841,3.12,5.77,7.54,3.12,5.77,7.54,24,24,613.68,168.51,35.23,4.11,1.96,0.91,3.52,5.93,10.57,3.52,5.93,10.57,25,25,654.21,193.88,36.66,7.21,4.62,2.17
2022/02/02T08:36:00z,84:f3:eb:7d:7:a8,6.01,2.0+OPENLOG+15552 MB+DS3231+BME280+PMSX003-B+PMSX003-A,29,38,6,997.90,0.05,36504,0,961,3.84,6.24,8.17,3.84,6.24,8.17,26,26,688.97,192.72,32.41,4.28,1.34,0.79,4.13,8.40,11.76,4.13,8.40,11.76,35,35,722.73,211.35,48.13,11.31,3.93,0.40
2022/02/02T08:38:00z,84:f3:eb:7d:7:a8,6.01,2.0+OPENLOG+15552 MB+DS3231+BME280+PMSX003-B+PMSX003-A,29,38,6,998.02,0.05,36504,0,1081,2.78,6.08,8.95,2.78,6.08,8.95,25,25,628.37,179.02,43.02,6.95,2.27,1.05,4.05,8.86,11.37,4.05,8.86,11.37,37,37,723.58,209.54,50.02,6.54,2.70,1.30
2022/02/02T08:40:00z,84:f3:eb:7d:7:a8,6.01,2.0+OPENLOG+15552 MB+DS3231+BME280+PMSX003-B+PMSX003-A,30,38,7,997.94,0.05,36504,0,1201,3.16,6.58,7.78,3.16,6.58,7.78,27,27,617.24,177.53,34.80,6.91,0.84,0.33,2.83,7.16,9.95,2.83,7.16,9.95,30,30,619.09,180.83,40.64,9.24,3.00,0.93
2022/02/02T08:42:01z,84:f3:eb:7d:7:a8,6.01,2.0+OPENLOG+15552 MB+DS3231+BME280+PMSX003-B+PMSX003-A,30,38,7,997.93,nan,36656,0,120,2.55,5.69,8.43,2.55,5.69,8.43,24,24,591.36,164.67,40.10,5.38,2.86,1.14,3.08,5.79,7.31,3.08,5.79,7.31,24,24,575.85,173.59,39.67,4.05,2.21,0.00
2022/02/02T08:44:01z,84:f3:eb:7d:7:a8,6.01,2.0+OPENLOG+15552 MB+DS3231+BME280+PMSX003-B+PMSX003-A,30,38,7,997.89,0.05,36568,0,240,3.30,5.23,7.21,3.30,5.23,7.21,22,22,619.21,169.63,34.79,4.21,1.47,0.98,3.96,7.58,10.32,3.96,7.58,10.32,32,32,653.05,196.65,43.00,6.70,3.05,0.77
2022/02/02T08:46:01z,84:f3:eb:7d:7:a8,6.01,2.0+OPENLOG+15552 MB+DS3231+BME280+PMSX003-B+PMSX003-A,29,38,6,997.92,0.05,36568,0,360,3.95,6.48,7.59,3.95,6.48,7.59,27,27,691.50,196.84,37.38,4.28,0.93,0.48,3.57,7.89,12.36,3.57,7.89,12.36,33,33,661.71,194.36,49.89,11.11,5.07,1.50
2022/02/02T08:48:01z,84:f3:eb:7d:7:a8,6.01,2.0+OPENLOG+15552 MB+DS3231+BME280+PMSX003-B+PMSX003-A,29,38,6,997.97,0.05,36568,0,480,3.00,5.42,7.07,3.00,5.42,7.07,23,23,622.53,174.93,40.64,4.07,1.15,0.78,3.27,7.29,10.04,3.27,7.29,10.04,30,30,636.59,188.11,38.70,7.71,2.79,1.68
2022/02/02T08:50:01z,84:f3:eb:7d:7:a8,6.01,2.0+OPENLOG+15552 MB+DS3231+BME280+PMSX003-B+PMSX003-A,29,38,6,998.00,0.05,36568,0,600,3.50,6.04,8.59,3.50,6.04,8.59,25,25,608.68,176.48,36.38,6.54,2.00,1.07,3.83,7.62,10.53,3.83,7.62,10.53,32,32,646.34,185.67,47.71,9.86,3.07,0.97
2022/02/02T08:52:01z,84:f3:eb:7d:7:a8,6.01,2.0+OPENLOG+15552 MB+DS3231+BME280+PMSX003-B+PMSX003-A,30,38,7,997.96,0.05,36504,0,720,2.70,5.35,8.51,2.70,5.35,8.51,22,22,637.00,171.84,35.04,6.07,3.58,0.88,4.05,6.91,9.74,4.05,6.91,9.74,29,29,661.60,197.40,47.14,6.00,2.79,1.21
2022/02/02T08:54:01z,84:f3:eb:7d:7:a8,6.01,2.0+OPENLOG+15552 MB+DS3231+BME280+PMSX003-B+PMSX003-A,29,38,6,997.98,0.05,36504,0,840,3.44,6.25,8.74,3.44,6.25,8.74,26,26,640.95,184.21,37.88,6.14,2.70,0.14,3.62,6.97,8.55,3.62,6.97,8.55,29,29,637.19,187.33,40.98,5.72,1.38,0.52
2022/02/02T08:56:01z,84:f3:eb:7d:7:a8,6.01,2.0+OPENLOG+15552 MB+DS3231+BME280+PMSX003-B+PMSX003-A,30,37,7,997.96,0.05,36504,0,960,3.31,6.20,7.75,3.31,6.20,7.75,26,26,634.47,183.69,39.73,3.66,1.12,0.95,2.82,6.12,8.12,2.82,6.12,8.12,26,26,546.00,156.32,38.62,8.39,1.96,0.00
2022/02/02T08:58:01z,84:f3:eb:7d:7:a8,6.01,2.0+OPENLOG+15552 MB+DS3231+BME280+PMSX003-B+PMSX003-A,29,37,6,997.95,0.05,36504,0,1080,3.25,5.74,6.89,3.25,5.74,6.89,24,24,612.32,175.89,34.75,2.18,0.98,0.42,2.95,7.65,9.58,2.95,7.65,9.58,32,32,625.26,180.07,46.26,8.77,2.32,0.14
2022/02/02T09:00:01z,84:f3:eb:7d:7:a8,6.01,2.0+OPENLOG+15552 MB+DS3231+BME280+PMSX003-B+PMSX003-A,29,37,6,997.97,0.05,36504,0,1200,3.55,6.42,8.02,3.55,6.42,8.02,27,27,612.33,177.93,39.85,5.93,1.45,0.00,3.02,7.22,10.98,3.02,7.22,10.98,30,30,594.41,174.36,43.85,10.10,3.97,2.27
2022/02/02T09:02:01z,84:f3:eb:7d:7:a8,6.01,2.0+OPENLOG+15552 MB+DS3231+BME280+PMSX003-B+PMSX003-A,29,37,6,998.01,nan,36656,0,119,2.16,4.56,4.98,2.16,4.56,4.98,19,19,527.23,147.60,26.72,3.35,0.70,0.00,2.05,5.54,6.78,2.05,5.54,6.78,23,23,556.39,160.73,39.29,3.02,1.27,1.27
2022/02/02T09:04:01z,84:f3:eb:7d:7:a8,6.01,2.0+OPENLOG+15552 MB+DS3231+BME280+PMSX003-B+PMSX003-A,29,37,6,998.05,0.05,36568,0,239,3.02,7.25,10.02,3.02,7.25,10.02,30,30,664.96,184.04,45.73,8.04,2.25,0.51,3.47,6.98,9.21,3.47,6.98,9.21,29,29,613.21,181.26,40.18,6.28,2.60,1.72
2022/02/02T09:06:01z,84:f3:eb:7d:7:a8,6.01,2.0+OPENLOG+15552 MB+DS3231+BME280+PMSX003-B+PMSX003-A,29,37,6,998.10,0.05,36568,0,359,2.47,6.16,7.90,2.47,6.16,7.90,26,26,589.19,162.86,32.59,5.86,1.55,0.52,3.05,7.03,8.81,3.05,7.03,8.81,29,29,604.55,177.24,43.34,6.86,1.83,0.59
2022/02/02T09:08:01z,84:f3:eb:7d:7:a8,6.01,2.0+OPENLOG+15552 MB+DS3231+BME280+PMSX003-B+PMSX003-A,28,38,5,998.13,0.05,36568,0,479,3.24,6.81,8.81,3.24,6.81,8.81,28,28,584.03,169.88,43.12,6.44,1.36,0.98,3.31,6.24,10.13,3.31,6.24,10.13,26,26,638.61,181.06,42.48,7.63,3.81,1.78
2022/02/02T09:10:01z,84:f3:eb:7d:7:a8,6.01,2.0+OPENLOG+15552 MB+DS3231+BME280+PMSX003-B+PMSX003-A,28,38,5,998.24,0.05,36568,0,599,2.14,5.29,7.46,2.14,5.29,7.46,22,22,530.36,151.61,29.98,5.68,2.32,0.71,2.47,6.57,8.86,2.47,6.57,8.86,27,27,556.09,164.74,39.50,7.97,2.31,1.17
2022/02/02T09:12:01z,84:f3:eb:7d:7:a8,6.01,2.0+OPENLOG+15552 MB+DS3231+BME280+PMSX003-B+PMSX003-A,29,38,6,998.26,0.05,36568,0,719,2.35,5.81,7.02,2.35,5.81,7.02,24,24,563.47,155.77,34.47,6.49,0.98,0.60,2.47,5.36,7.95,2.47,5.36,7.95,22,22,541.29,157.90,39.14,4.93,2.38,1.59
2022/02/02T09:14:01z,84:f3:eb:7d:7:a8,6.01,2.0+OPENLOG+15552 MB+DS3231+BME280+PMSX003-B+PMSX003-A,29,38,6,998.31,0.05,36568,0,839,2.50,4.57,5.41,2.50,4.57,5.41,19,19,530.52,151.12,23.93,3.43,0.54,0.39,2.74,6.02,8.02,2.74,6.02,8.02,25,25,526.09,156.29,35.84,6.59,2.17,1.03
2022/02/02T09:16:01z,84:f3:eb:7d:7:a8,6.01,2.0+OPENLOG+15552 MB+DS3231+BME280+PMSX003-B+PMSX003-A,29,37,6,998.36,0.05,36504,0,959,2.02,5.95,6.95,2.02,5.95,6.95,25,25,536.12,150.47,38.16,4.59,0.69,0.21,1.98,4.46,7.26,1.98,4.46,7.26,19,19,508.67,143.54,25.50,7.04,3.26,1.52
2022/02/02T09:18:01z,84:f3:eb:7d:7:a8,6.01,2.0+OPENLOG+15552 MB+DS3231+BME280+PMSX003-B+PMSX003-A,29,37,6,998.43,0.05,36504,0,1079,2.05,5.37,6.60,2.05,5.37,6.60,22,22,527.84,151.44,33.25,4.18,0.98,0.98,2.69,5.64,8.26,2.69,5.64,8.26,23,23,590.43,172.84,35.40,6.14,2.86,1.59
2022/02/02T09:20:01z,84:f3:eb:7d:7:a8,6.01,2.0+OPENLOG+15552 MB+DS3231+BME280+PMSX003-B+PMSX003-A,28,37,5,998.47,0.05,36504,0,1199,2.50,4.91,6.57,2.50,4.91,6.57,20,20,578.46,157.79,28.36,2.79,1.36,0.54,3.19,6.07,8.31,3.19,6.07,8.31,25,25,612.72,179.29,34.34,5.34,2.52,1.28
2022/02/02T09:22:02z,84:f3:eb:7d:7:a8,6.01,2.0+OPENLOG+15552 MB+DS3231+BME280+PMSX003-B+PMSX003-A,28,37,5,998.45,nan,36656,0,120,2.12,4.81,6.53,2.12,4.81,6.53,20,20,510.98,143.35,34.77,4.98,1.16,1.12,2.54,7.10,10.00,2.54,7.10,10.00,30,30,580.90,169.02,38.54,6.29,3.02,1.95
2022/02/02T09:24:02z,84:f3:eb:7d:7:a8,6.01,2.0+OPENLOG+15552 MB+DS3231+BME280+PMSX003-B+PMSX003-A,28,37,5,998.47,0.05,36568,0,240,2.51,5.29,6.00,2.51,5.29,6.00,22,22,564.16,153.09,32.76,2.00,0.51,0.51,2.47,6.64,7.90,2.47,6.64,7.90,28,28,550.98,163.56,34.75,6.20,1.25,0.47
2022/02/02T09:26:02z,84:f3:eb:7d:7:a8,6.01,2.0+OPENLOG+15552 MB+DS3231+BME280+PMSX003-B+PMSX003-A,27,38,4,998.58,0.05,36568,0,360,2.75,6.00,8.25,2.75,6.00,8.25,25,25,619.12,178.51,37.56,4.27,2.20,0.68,3.20,7.98,11.42,3.20,7.98,11.42,33,33,649.58,190.82,47.65,10.29,3.78,1.67
2022/02/02T09:28:02z,84:f3:eb:7d:7:a8,6.01,2.0+OPENLOG+15552 MB+DS3231+BME280+PMSX003-B+PMSX003-A,27,38,4,998.67,0.05,36568,0,480,2.98,5.97,8.86,2.98,5.97,8.86,25,25,607.86,170.28,38.69,6.66,2.90,1.24,2.45,5.95,6.75,2.45,5.95,6.75,25,25,550.02,160.39,32.46,4.29,1.14,0.11
2022/02/02T09:30:02z,84:f3:eb:7d:7:a8,6.01,2.0+OPENLOG+15552 MB+DS3231+BME280+PMSX003-B+PMSX003-A,28,38,5,998.61,0.05,36568,0,600,2.02,5.09,8.12,2.02,5.09,8.12,21,21,549.91,155.77,35.54,7.21,1.71,1.29,1.84,5.05,6.58,1.84,5.05,6.58,21,21,501.42,144.82,37.32,3.40,1.58,1.23
2022/02/02T09:32:02z,84:f3:eb:7d:7:a8,6.01,2.0+OPENLOG+15552 MB+DS3231+BME280+PMSX003-B+PMSX003-A,28,38,5,998.70,0.05,36504,0,720,2.49,6.07,7.05,2.49,6.07,7.05,25,25,553.79,159.00,34.70,5.47,0.81,0.25,3.24,7.36,12.24,3.24,7.36,12.24,31,31,646.97,189.16,47.62,9.93,5.52,1.83
2022/02/02T09:34:02z,84:f3:eb:7d:7:a8,6.01,2.0+OPENLOG+15552 MB+DS3231+BME280+PMSX003-B+PMSX003-A,28,38,5,998.71,0.05,36504,0,840,2.07,5.37,5.84,2.07,5.37,5.84,22,22,498.47,149.82,34.60,3.16,0.18,0.00,2.81,5.64,9.45,2.81,5.64,9.45,23,23,552.05,166.38,38.21,6.52,4.03,2.41
2022/02/02T09:36:02z,84:f3:eb:7d:7:a8,6.01,2.0+OPENLOG+15552 MB+DS3231+BME280+PMSX003-B+PMSX003-A,28,38,5,998.73,0.05,36504,0,960,2.41,5.84,7.47,2.41,5.84,7.47,24,24,587.33,166.64,31.41,4.38,1.79,1.03,2.67,6.20,10.80,2.67,6.20,10.80,26,26,566.67,168.58,39.82,9.85,5.20,1.64
2022/02/02T09:38:02z,84:f3:eb:7d:7:a8,6.01,2.0+OPENLOG+15552 MB+DS3231+BME280+PMSX003-B+PMSX003-A,28,38,5,998.59,0.05,36504,0,1080,2.88,5.79,7.07,2.88,5.79,7.07,24,24,558.05,161.35,29.14,5.16,1.26,0.00,2.38,6.30,6.88,2.38,6.30,6.88,26,26,539.46,153.50,39.18,5.89,0.64,0.64
2022/02/02T09:40:02z,84:f3:eb:7d:7:a8,6.01,2.0+OPENLOG+15552 MB+DS3231+BME280+PMSX003-B+PMSX003-A,28,37,5,998.52,0.05,36320,0,1200,2.32,6.79,8.57,2.32,6.79,8.57,28,28,564.86,159.61,38.57,6.32,2.07,0.86,2.33,5.61,8.25,2.33,5.61,8.25,23,23,530.84,156.96,34.65,7.05,2.25,1.58
2022/02/02T09:42:03z,84:f3:eb:7d:7:a8,6.01,2.0+OPENLOG+15552 MB+DS3231+BME280+PMSX003-B+PMSX003-A,28,37,5,998.62,nan,36656,0,120,2.70,5.91,6.91,2.70,5.91,6.91,25,25,565.26,161.77,30.91,6.00,1.07,0.00,2.97,6.75,6.80,2.97,6.75,6.80,28,28,631.65,181.85,39.17,3.65,0.05,0.00
2022/02/02T09:44:03z,84:f3:eb:7d:7:a8,6.01,2.0+OPENLOG+15552 MB+DS3231+BME280+PMSX003-B+PMSX003-A,28,37,5,998.69,0.05,36568,0,240,1.81,4.04,6.41,1.81,4.04,6.41,17,17,522.39,136.59,28.78,3.70,2.37,1.44,2.39,5.88,6.68,2.39,5.88,6.68,24,24,501.47,149.12,36.68,4.42,0.70,0.39
2022/02/02T09:46:03z,84:f3:eb:7d:7:a8,6.01,2.0+OPENLOG+15552 MB+DS3231+BME280+PMSX003-B+PMSX003-A,28,37,5,998.67,0.05,36568,0,360,2.34,4.78,6.28,2.34,4.78,6.28,20,20,524.69,149.31,25.07,4.48,0.62,0.31,3.62,7.58,11.36,3.62,7.58,11.36,32,32,609.60,182.42,55.60,7.58,3.53,2.00
2022/02/02T09:48:03z,84:f3:eb:7d:7:a8,6.01,2.0+OPENLOG+15552 MB+DS3231+BME280+PMSX003-B+PMSX003-A,28,37,5,998.67,0.05,36568,0,480,2.30,3.98,5.95,2.30,3.98,5.95,17,17,493.89,139.56,23.56,3.65,1.26,0.91,2.48,6.30,9.98,2.48,6.30,9.98,26,26,544.71,160.68,37.36,8.07,4.21,1.54
2022/02/02T09:50:03z,84:f3:eb:7d:7:a8,6.01,2.0+OPENLOG+15552 MB+DS3231+BME280+PMSX003-B+PMSX003-A,28,37,5,998.68,0.05,36568,0,600,2.68,6.51,8.42,2.68,6.51,8.42,27,27,603.76,168.31,37.41,6.64,1.29,1.29,2.31,5.91,6.91,2.31,5.91,6.91,25,25,548.84,157.48,33.33,6.00,1.52,0.55
2022/02/02T09:52:03z,84:f3:eb:7d:7:a8,6.01,2.0+OPENLOG+15552 MB+DS3231+BME280+PMSX003-B+PMSX003-A,28,37,5,998.65,0.05,36568,0,720,2.51,5.82,6.75,2.51,5.82,6.75,24,24,562.64,163.47,31.22,3.56,0.84,0.40,2.98,5.63,9.05,2.98,5.63,9.05,23,23,550.95,165.42,33.75,6.53,3.58,2.46
2022/02/02T09:54:03z,84:f3:eb:7d:7:a8,6.01,2.0+OPENLOG+15552 MB+DS3231+BME280+PMSX003-B+PMSX003-A,28,37,5,998.78,0.05,36568,0,840,2.47,5.33,6.95,2.47,5.33,6.95,22,22,556.29,160.19,35.48,3.14,1.45,0.52,2.92,6.68,7.76,2.92,6.68,7.76,28,28,544.78,160.03,38.54,6.68,1.36,0.41
2022/02/02T09:56:03z,84:f3:eb:7d:7:a8,6.01,2.0+OPENLOG+15552 MB+DS3231+BME280+PMSX003-B+PMSX003-A,28,37,5,998.84,0.05,36568,0,960,2.05,4.81,6.93,2.05,4.81,6.93,20,20,529.91,155.03,33.72,5.38,1.72,0.52,2.26,6.04,7.93,2.26,6.04,7.93,25,25,531.89,154.76,36.87,7.30,2.15,0.52
2022/02/02T09:58:03z,84:f3:eb:7d:7:a8,6.01,2.0+OPENLOG+15552 MB+DS3231+BME280+PMSX003-B+PMSX003-A,27,36,3,998.84,0.05,36568,0,1080,2.24,4.95,6.60,2.24,4.95,6.60,21,21,515.48,148.47,25.71,4.17,1.66,0.31,2.71,7.29,9.00,2.71,7.29,9.00,30,30,571.77,166.30,44.89,8.20,2.07,0.82
2022/02/02T10:00:03z,84:f3:eb:7d:7:a8,6.01,2.0+OPENLOG+15552 MB+DS3231+BME280+PMSX003-B+PMSX003-A,28,37,5,998.87,0.05,36568,0,1200,2.37,5.81,7.00,2.37,5.81,7.00,24,24,550.00,162.68,32.49,5.19,0.67,0.63,2.67,5.68,7.30,2.67,5.68,7.30,24,24,507.89,152.25,33.84,4.53,1.65,0.84
2022/02/02T10:02:04z,84:f3:eb:7d:7:a8,6.01,2.0+OPENLOG+15552 MB+DS3231+BME280+PMSX003-B+PMSX003-A,28,36,4,998.88,nan,36656,0,120,2.65,4.49,6.16,2.65,4.49,6.16,19,19,554.79,158.58,26.51,3.07,1.58,0.60,2.00,6.35,8.82,2.00,6.35,8.82,26,26,519.53,157.02,38.78,7.72,3.35,0.50
2022/02/02T10:04:04z,84:f3:eb:7d:7:a8,6.01,2.0+OPENLOG+15552 MB+DS3231+BME280+PMSX003-B+PMSX003-A,28,37,5,998.84,0.05,36568,0,240,2.33,4.95,7.53,2.33,4.95,7.53,21,21,569.40,156.84,33.31,3.75,2.29,1.38,3.08,6.31,7.39,3.08,6.31,7.39,26,26,592.32,174.69,39.32,3.32,1.53,0.92
2022/02/02T10:06:04z,84:f3:eb:7d:7:a8,6.01,2.0+OPENLOG+15552 MB+DS3231+BME280+PMSX003-B+PMSX003-A,27,36,4,998.84,0.05,36568,0,360,2.32,5.02,6.24,2.32,5.02,6.24,21,21,520.93,146.98,26.90,3.86,0.92,0.41,3.36,6.70,9.68,3.36,6.70,9.68,28,28,630.80,186.91,37.07,7.00,3.57,0.64
2022/02/02T10:08:04z,84:f3:eb:7d:7:a8,6.01,2.0+OPENLOG+15552 MB+DS3231+BME280+PMSX003-B+PMSX003-A,27,36,4,998.81,0.05,36568,0,480,1.73,4.36,6.68,1.73,4.36,6.68,18,18,488.75,136.58,29.93,4.92,2.24,0.34,2.48,5.52,9.98,2.48,5.52,9.98,23,23,585.80,163.34,33.38,7.21,4.50,3.21
2022/02/02T10:10:04z,84:f3:eb:7d:7:a8,6.01,2.0+OPENLOG+15552 MB+DS3231+BME280+PMSX003-B+PMSX003-A,27,37,4,998.73,0.05,36504,0,600,1.75,3.84,4.93,1.75,3.84,4.93,16,16,468.48,129.50,26.11,2.75,0.89,0.18,2.19,5.91,7.71,2.19,5.91,7.71,25,25,510.88,149.43,37.55,6.52,2.14,0.52
2022/02/02T10:12:04z,84:f3:eb:7d:7:a8,6.01,2.0+OPENLOG+15552 MB+DS3231+BME280+PMSX003-B+PMSX003-A,26,37,3,998.80,0.05,36504,0,720,2.24,4.42,6.15,2.24,4.42,6.15,18,18,546.82,147.45,28.49,3.02,1.35,0.98,2.17,6.27,9.81,2.17,6.27,9.81,26,26,548.29,158.64,38.81,9.05,3.46,1.86
2022/02/02T10:14:04z,84:f3:eb:7d:7:a8,6.01,2.0+OPENLOG+15552 MB+DS3231+BME280+PMSX003-B+PMSX003-A,27,37,4,998.75,0.05,36504,0,840,2.09,5.67,7.17,2.09,5.67,7.17,24,24,512.84,150.69,39.52,5.03,0.86,0.48,2.44,5.84,7.53,2.44,5.84,7.53,24,24,547.53,161.21,36.21,5.33,1.58,0.42
2022/02/02T10:16:04z,84:f3:eb:7d:7:a8,6.01,2.0+OPENLOG+15552 MB+DS3231+BME280+PMSX003-B+PMSX003-A,27,37,4,998.87,0.05,36504,0,960,2.22,5.02,9.24,2.22,5.02,9.24,21,21,556.14,152.26,32.03,5.59,3.93,2.24,2.04,5.25,9.02,2.04,5.25,9.02,22,22,486.93,143.24,35.78,7.67,3.71,2.07
2022/02/02T10:18:04z,84:f3:eb:7d:7:a8,6.01,2.0+OPENLOG+15552 MB+DS3231+BME280+PMSX003-B+PMSX003-A,27,37,4,998.89,0.05,36504,0,1080,2.19,5.02,7.11,2.19,5.02,7.11,21,21,555.68,153.19,30.37,3.86,2.11,1.37,2.81,6.12,9.28,2.81,6.12,9.28,26,26,543.11,161.16,36.04,7.05,3.54,1.72
2022/02/02T10:20:04z,84:f3:eb:7d:7:a8,6.01,2.0+OPENLOG+15552 MB+DS3231+BME280+PMSX003-B+PMSX003-A,26,37,3,998.87,0.05,36504,0,1200,2.86,5.58,8.18,2.86,5.58,8.18,23,23,592.79,169.26,34.88,5.09,1.68,0.84,3.27,7.07,8.33,3.27,7.07,8.33,29,29,608.20,179.82,32.38,6.47,1.27,1.00
2022/02/02T10:22:04z,84:f3:eb:7d:7:a8,6.01,2.0+OPENLOG+15552 MB+DS3231+BME280+PMSX003-B+PMSX003-A,26,37,3,998.83,nan,36656,0,120,2.36,5.33,7.76,2.36,5.33,7.76,22,22,533.50,152.31,33.05,3.95,2.19,0.67,2.65,5.78,8.85,2.65,5.78,8.85,24,24,510.75,152.95,40.83,6.60,2.95,2.30
2022/02/02T10:24:04z,84:f3:eb:7d:7:a8,6.01,2.0+OPENLOG+15552 MB+DS3231+BME280+PMSX003-B+PMSX003-A,26,37,3,998.81,0.05,36568,0,240,1.85,4.75,5.78,1.85,4.75,5.78,20,20,460.20,130.80,31.07,4.69,0.58,0.07,1.72,6.10,10.50,1.72,6.10,10.50,25,25,522.93,153.55,37.76,9.14,4.41,2.48
2022/02/02T10:26:04z,84:f3:eb:7d:7:a8,6.01,2.0+OPENLOG+15552 MB+DS3231+BME280+PMSX003-B+PMSX003-A,27,37,4,998.73,0.05,36568,0,360,1.88,4.36,4.61,1.88,4.36,4.61,18,18,522.92,143.17,24.29,1.22,0.00,0.00,2.86,5.38,7.09,2.86,5.38,7.09,22,22,580.02,164.82,30.29,4.55,1.89,0.46
2022/02/02T10:28:04z,84:f3:eb:7d:7:a8,6.01,2.0+OPENLOG+15552 MB+DS3231+BME280+PMSX003-B+PMSX003-A,26,37,3,998.72,0.05,36504,0,480,2.43,5.23,6.73,2.43,5.23,6.73,22,22,557.15,162.10,36.63,3.60,0.63,0.63,2.73,6.47,7.38,2.73,6.47,7.38,27,27,592.85,168.80,40.73,3.27,1.02,0.44
2022/02/02T10:30:04z,84:f3:eb:7d:7:a8,6.01,2.0+OPENLOG+15552 MB+DS3231+BME280+PMSX003-B+PMSX003-A,26,37,3,998.84,0.05,36504,0,600,1.93,5.54,6.84,1.93,5.54,6.84,23,23,550.55,150.30,38.11,4.64,0.29,0.18,2.55,5.97,7.16,2.55,5.97,7.16,25,25,522.52,152.74,28.67,6.48,1.21,0.00
2022/02/02T10:32:04z,84:f3:eb:7d:7:a8,6.01,2.0+OPENLOG+15552 MB+DS3231+BME280+PMSX003-B+PMSX003-A,26,37,3,998.73,0.05,36504,0,720,1.80,5.02,6.53,1.80,5.02,6.53,21,21,474.98,140.76,35.98,3.85,0.87,0.44,2.63,5.93,7.48,2.63,5.93,7.48,25,25,534.10,163.38,37.52,5.03,1.60,0.83
2022/02/02T10:34:04z,84:f3:eb:7d:7:a8,6.01,2.0+OPENLOG+15552 MB+DS3231+BME280+PMSX003-B+PMSX003-A,27,37,4,998.61,0.05,36504,0,840,2.32,4.79,7.28,2.32,4.79,7.28,20,20,512.37,144.63,30.42,5.40,1.79,0.88,2.86,5.79,7.33,2.86,5.79,7.33,24,24,551.74,161.88,31.62,5.48,1.48,0.72
2022/02/02T10:36:04z,84:f3:eb:7d:7:a8,6.01,2.0+OPENLOG+15552 MB+DS3231+BME280+PMSX003-B+PMSX003-A,26,37,3,998.58,0.05,36504,0,960,2.21,4.66,7.17,2.21,4.66,7.17,19,19,498.47,143.09,31.91,4.45,2.00,0.69,2.16,5.73,6.67,2.16,5.73,6.67,24,24,512.95,153.84,34.73,4.11,0.58,0.22
2022/02/02T10:38:04z,84:f3:eb:7d:7:a8,6.01,2.0+OPENLOG+15552 MB+DS3231+BME280+PMSX003-B+PMSX003-A,26,37,3,998.73,0.05,36504,0,1080,2.95,6.16,8.12,2.95,6.16,8.12,26,26,609.63,174.25,35.16,5.37,1.26,0.28,3.21,7.71,10.00,3.21,7.71,10.00,32,32,593.59,175.93,42.62,9.71,2.83,0.14
2022/02/02T10:40:04z,84:f3:eb:7d:7:a8,6.01,2.0+OPENLOG+15552 MB+DS3231+BME280+PMSX003-B+PMSX003-A,26,37,3,998.67,0.05,36504,0,1200,1.84,4.69,5.51,1.84,4.69,5.51,20,20,515.45,140.67,30.07,2.00,0.15,0.15,2.29,5.29,7.78,2.29,5.29,7.78,22,22,557.90,156.93,35.93,5.74,2.55,0.45
2022/02/02T10:42:05z,84:f3:eb:7d:7:a8,6.01,2.0+OPENLOG+15552 MB+DS3231+BME280+PMSX003-B+PMSX003-A,26,37,3,998.63,nan,36656,0,120,3.36,5.64,8.14,3.36,5.64,8.14,24,24,600.86,173.10,34.40,4.86,1.48,1.24,2.35,5.50,8.93,2.35,5.50,8.93,23,23,552.67,161.95,35.15,6.55,3.25,1.70
2022/02/02T10:44:05z,84:f3:eb:7d:7:a8,6.01,2.0+OPENLOG+15552 MB+DS3231+BME280+PMSX003-B+PMSX003-A,26,37,3,998.61,0.05,36568,0,240,2.50,5.02,7.22,2.50,5.02,7.22,21,21,565.39,157.81,35.24,3.67,1.33,0.41,2.03,6.00,7.98,2.03,6.00,7.98,25,25,541.10,156.75,33.07,7.70,2.17,0.37
2022/02/02T10:46:05z,84:f3:eb:7d:7:a8,6.01,2.0+OPENLOG+15552 MB+DS3231+BME280+PMSX003-B+PMSX003-A,26,37,3,998.60,0.05,36568,0,360,2.30,5.18,7.81,2.30,5.18,7.81,22,22,543.47,156.04,32.46,6.04,2.46,1.19,1.91,5.82,8.56,1.91,5.82,8.56,24,24,521.79,150.88,40.14,6.25,3.19,0.95
2022/02/02T10:48:05z,84:f3:eb:7d:7:a8,6.01,2.0+OPENLOG+15552 MB+DS3231+BME280+PMSX003-B+PMSX003-A,27,37,4,998.64,0.05,36568,0,480,2.52,5.31,6.22,2.52,5.31,6.22,22,22,550.45,158.78,29.71,3.72,0.79,0.00,1.68,4.54,6.09,1.68,4.54,6.09,19,19,470.47,135.54,24.18,5.82,1.58,0.98
2022/02/02T10:50:05z,84:f3:eb:7d:7:a8,6.01,2.0+OPENLOG+15552 MB+DS3231+BME280+PMSX003-B+PMSX003-A,25,37,2,998.61,0.05,36568,0,600,3.04,5.09,6.16,3.04,5.09,6.16,21,21,566.74,162.61,29.32,2.63,1.19,0.00,2.79,6.60,10.81,2.79,6.60,10.81,28,28,599.74,175.34,37.53,9.76,4.76,1.28
2022/02/02T10:52:05z,84:f3:eb:7d:7:a8,6.01,2.0+OPENLOG+15552 MB+DS3231+BME280+PMSX003-B+PMSX003-A,26,37,3,998.67,0.05,36568,0,720,2.75,6.12,8.98,2.75,6.12,8.98,26,26,594.80,167.57,37.41,6.39,2.29,1.93,2.49,6.40,8.88,2.49,6.40,8.88,27,27,551.89,163.07,40.12,6.95,2.74,0.84
2022/02/02T10:54:05z,84:f3:eb:7d:7:a8,6.01,2.0+OPENLOG+15552 MB+DS3231+BME280+PMSX003-B+PMSX003-A,26,37,3,998.65,0.05,36504,0,840,2.40,6.04,8.53,2.40,6.04,8.53,25,25,553.42,164.13,37.07,4.29,2.25,1.45,2.60,6.18,8.60,2.60,6.18,8.60,26,26,584.89,169.18,41.70,6.46,2.46,0.84
2022/02/02T10:56:05z,84:f3:eb:7d:7:a8,6.01,2.0+OPENLOG+15552 MB+DS3231+BME280+PMSX003-B+PMSX003-A,26,37,3,998.71,0.05,36504,0,960,2.46,6.00,7.30,2.46,6.00,7.30,25,25,550.74,157.47,36.65,4.11,1.12,0.42,2.12,6.59,8.34,2.12,6.59,8.34,27,27,566.30,156.09,40.55,6.75,1.82,1.04
2022/02/02T10:58:05z,84:f3:eb:7d:7:a8,6.01,2.0+OPENLOG+15552 MB+DS3231+BME280+PMSX003-B+PMSX003-A,25,37,2,998.84,0.05,36504,0,1080,3.72,6.42,7.25,3.72,6.42,7.25,27,27,644.84,189.19,32.56,3.54,0.14,0.00,2.77,6.32,9.05,2.77,6.32,9.05,26,26,578.16,170.81,37.56,6.88,2.84,0.81
2022/02/02T11:00:05z,84:f3:eb:7d:7:a8,6.01,2.0+OPENLOG+15552 MB+DS3231+BME280+PMSX003-B+PMSX003-A,26,37,3,998.92,0.05,36504,0,1200,1.89,4.25,5.55,1.89,4.25,5.55,18,18,500.40,140.73,30.05,3.02,0.98,0.51,2.83,6.34,9.22,2.83,6.34,9.22,26,26,564.88,169.98,39.38,6.55,2.69,1.10
2022/02/02T11:02:07z,84:f3:eb:7d:7:a8,6.01,2.0+OPENLOG+15552 MB+DS3231+BME280+PMSX003-B+PMSX003-A,26,38,3,998.95,nan,36656,0,121,2.26,4.62,6.38,2.26,4.62,6.38,19,19,546.93,150.24,34.48,2.19,1.62,0.62,2.56,5.72,7.67,2.56,5.72,7.67,24,24,517.54,151.97,36.92,5.69,1.74,1.18
2022/02/02T11:04:07z,84:f3:eb:7d:7:a8,6.01,2.0+OPENLOG+15552 MB+DS3231+BME280+PMSX003-B+PMSX003-A,26,37,3,999.05,0.05,36568,0,241,2.53,6.36,9.16,2.53,6.36,9.16,27,27,592.75,172.49,38.93,4.95,2.44,1.56,2.95,5.93,9.28,2.95,5.93,9.28,25,25,585.85,174.58,33.47,6.50,3.13,1.30
2022/02/02T11:06:07z,84:f3:eb:7d:7:a8,6.01,2.0+OPENLOG+15552 MB+DS3231+BME280+PMSX003-B+PMSX003-A,26,37,3,999.06,0.05,36568,0,361,2.07,4.53,7.12,2.07,4.53,7.12,19,19,525.95,146.56,30.61,4.67,1.40,1.12,3.22,5.55,8.17,3.22,5.55,8.17,23,23,582.05,170.00,30.22,4.76,2.55,1.17
2022/02/02T11:08:07z,84:f3:eb:7d:7:a8,6.01,2.0+OPENLOG+15552 MB+DS3231+BME280+PMSX003-B+PMSX003-A,26,37,3,999.10,0.05,36568,0,481,2.53,4.85,6.76,2.53,4.85,6.76,20,20,547.17,151.29,33.03,4.44,1.56,0.41,2.57,6.04,7.40,2.57,6.04,7.40,25,25,576.34,167.85,33.00,4.40,1.28,0.72
2022/02/02T11:10:07z,84:f3:eb:7d:7:a8,6.01,2.0+OPENLOG+15552 MB+DS3231+BME280+PMSX003-B+PMSX003-A,25,37,2,999.13,0.05,36568,0,601,3.29,5.93,7.79,3.29,5.93,7.79,25,25,660.10,181.97,34.50,4.07,1.83,0.00,2.70,7.18,9.57,2.70,7.18,9.57,30,30,587.85,180.45,44.08,5.90,2.37,1.57
2022/02/02T11:12:07z,84:f3:eb:7d:7:a8,6.01,2.0+OPENLOG+15552 MB+DS3231+BME280+PMSX003-B+PMSX003-A,25,37,2,999.06,0.05,36568,0,721,2.69,5.29,10.31,2.69,5.29,10.31,22,22,540.98,154.58,37.31,7.38,4.07,2.40,3.07,6.18,9.00,3.07,6.18,9.00,26,26,574.16,172.18,33.91,5.79,2.84,1.61
2022/02/02T11:14:07z,84:f3:eb:7d:7:a8,6.01,2.0+OPENLOG+15552 MB+DS3231+BME280+PMSX003-B+PMSX003-A,24,37,1,999.17,0.05,36568,0,841,1.67,3.37,5.60,1.67,3.37,5.60,14,14,470.42,132.91,23.56,4.18,1.47,0.67,2.60,7.64,10.41,2.60,7.64,10.41,32,32,553.19,164.36,43.41,9.40,2.76,1.38
2022/02/02T11:16:07z,84:f3:eb:7d:7:a8,6.01,2.0+OPENLOG+15552 MB+DS3231+BME280+PMSX003-B+PMSX003-A,25,37,2,999.13,0.05,36568,0,961,2.82,6.51,9.67,2.82,6.51,9.67,27,27,584.37,171.91,40.28,7.04,2.49,0.98,2.83,6.00,7.48,2.83,6.00,7.48,25,25,567.11,164.72,27.70,6.78,1.74,0.81
2022/02/02T11:18:07z,84:f3:eb:7d:7:a8,6.01,2.0+OPENLOG+15552 MB+DS3231+BME280+PMSX003-B+PMSX003-A,24,38,2,999.21,0.05,36568,0,1081,3.75,6.28,8.72,3.75,6.28,8.72,26,26,679.79,188.14,35.23,6.28,1.82,0.00,2.93,6.86,9.30,2.93,6.86,9.30,29,29,608.04,178.80,41.86,5.29,2.71,1.21
2022/02/02T11:20:07z,84:f3:eb:7d:7:a8,6.01,2.0+OPENLOG+15552 MB+DS3231+BME280+PMSX003-B+PMSX003-A,24,38,2,999.17,0.05,36568,0,1201,2.41,5.18,7.05,2.41,5.18,7.05,22,22,556.07,152.68,36.23,4.54,1.68,0.36,2.86,6.62,10.26,2.86,6.62,10.26,28,28,578.02,170.98,39.84,7.76,3.21,1.86
2022/02/02T11:22:08z,84:f3:eb:7d:7:a8,6.01,2.0+OPENLOG+15552 MB+DS3231+BME280+PMSX003-B+PMSX003-A,25,38,3,999.16,nan,36656,0,120,2.50,5.61,7.36,2.50,5.61,7.36,23,23,548.39,151.48,39.86,5.32,0.86,0.86,2.92,6.28,10.26,2.92,6.28,10.26,26,26,611.15,181.23,40.51,6.97,4.31,1.49
2022/02/02T11:24:08z,84:f3:eb:7d:7:a8,6.01,2.0+OPENLOG+15552 MB+DS3231+BME280+PMSX003-B+PMSX003-A,25,38,2,999.22,0.05,36568,0,240,2.09,4.65,6.51,2.09,4.65,6.51,19,19,506.29,143.18,29.42,4.73,1.96,0.84,2.22,6.17,9.03,2.22,6.17,9.03,26,26,546.62,157.97,39.36,5.86,2.72,1.76
2022/02/02T11:26:08z,84:f3:eb:7d:7:a8,6.01,2.0+OPENLOG+15552 MB+DS3231+BME280+PMSX003-B+PMSX003-A,25,38,3,999.21,0.05,36568,0,360,2.40,5.65,8.46,2.40,5.65,8.46,24,24,569.32,161.68,36.68,6.25,2.81,1.19,2.63,6.30,7.42,2.63,6.30,7.42,26,26,565.26,163.54,41.16,5.93,1.40,0.00
2022/02/02T11:28:08z,84:f3:eb:7d:7:a8,6.01,2.0+OPENLOG+15552 MB+DS3231+BME280+PMSX003-B+PMSX003-A,25,37,2,999.19,0.05,36568,0,480,1.98,4.47,6.52,1.98,4.47,6.52,19,19,504.05,146.24,29.53,4.24,1.90,0.38,2.07,5.60,8.46,2.07,5.60,8.46,23,23,510.16,153.14,38.42,6.96,2.74,1.33
2022/02/02T11:30:08z,84:f3:eb:7d:7:a8,6.01,2.0+OPENLOG+15552 MB+DS3231+BME280+PMSX003-B+PMSX003-A,25,38,3,999.14,0.05,36568,0,600,3.09,5.54,7.37,3.09,5.54,7.37,23,23,579.00,165.09,34.19,3.44,1.68,0.81,2.85,5.36,10.88,2.85,5.36,10.88,22,22,562.32,164.25,35.90,7.63,5.08,2.61
2022/02/02T11:32:08z,84:f3:eb:7d:7:a8,6.01,2.0+OPENLOG+15552 MB+DS3231+BME280+PMSX003-B+PMSX003-A,24,37,2,998.73,0.05,36568,0,720,2.82,5.23,7.00,2.82,5.23,7.00,22,22,540.96,156.07,33.27,5.21,0.86,0.36,3.00,6.24,10.10,3.00,6.24,10.10,26,26,590.79,173.83,38.12,6.86,3.62,2.17
2022/02/02T11:34:08z,84:f3:eb:7d:7:a8,6.01,2.0+OPENLOG+15552 MB+DS3231+BME280+PMSX003-B+PMSX003-A,25,38,3,999.19,0.05,36568,0,840,3.30,5.93,7.93,3.30,5.93,7.93,25,25,628.58,177.28,38.89,4.04,1.65,1.19,3.11,6.70,9.54,3.11,6.70,9.54,28,28,635.84,184.52,41.14,5.82,3.07,1.00
2022/02/02T11:36:08z,84:f3:eb:7d:7:a8,6.01,2.0+OPENLOG+15552 MB+DS3231+BME280+PMSX003-B+PMSX003-A,25,38,3,999.23,0.05,36568,0,960,3.64,7.09,9.41,3.64,7.09,9.41,30,30,689.53,191.40,37.66,6.76,1.55,0.31,3.13,7.33,9.18,3.13,7.33,9.18,31,31,611.56,178.33,40.31,7.75,1.93,0.44
2022/02/02T11:38:08z,84:f3:eb:7d:7:a8,6.01,2.0+OPENLOG+15552 MB+DS3231+BME280+PMSX003-B+PMSX003-A,25,38,3,999.24,0.05,36568,0,1080,3.33,6.09,8.39,3.33,6.09,8.39,25,25,644.63,178.84,39.63,4.98,1.89,1.05,3.90,7.58,12.46,3.90,7.58,12.46,32,32,645.66,199.80,46.85,9.46,5.15,1.39
2022/02/02T11:40:08z,84:f3:eb:7d:7:a8,6.01,2.0+OPENLOG+15552 MB+DS3231+BME280+PMSX003-B+PMSX003-A,24,38,2,999.23,0.05,36568,0,1200,2.38,4.88,5.68,2.38,4.88,5.68,20,20,568.77,159.54,24.89,2.46,0.29,0.29,2.70,5.82,8.62,2.70,5.82,8.62,24,24,554.85,158.48,35.83,5.87,3.03,1.23
2022/02/02T11:42:09z,84:f3:eb:7d:7:a8,6.01,2.0+OPENLOG+15552 MB+DS3231+BME280+PMSX003-B+PMSX003-A,24,38,2,999.20,nan,36656,0,120,3.05,6.61,8.66,3.05,6.61,8.66,28,28,595.02,172.80,35.07,6.64,2.00,0.05,2.70,6.88,7.97,2.70,6.88,7.97,29,29,556.42,161.15,37.45,7.05,1.30,0.65
2022/02/02T11:44:09z,84:f3:eb:7d:7:a8,6.01,2.0+OPENLOG+15552 MB+DS3231+BME280+PMSX003-B+PMSX003-A,23,38,1,998.30,0.05,36504,0,240,3.02,5.43,8.32,3.02,5.43,8.32,23,23,578.84,166.55,31.98,5.14,3.04,1.29,2.72,6.62,9.17,2.72,6.62,9.17,28,28,577.29,171.24,34.93,7.62,2.72,1.03
2022/02/02T11:46:09z,84:f3:eb:7d:7:a8,6.01,2.0+OPENLOG+15552 MB+DS3231+BME280+PMSX003-B+PMSX003-A,24,38,2,999.24,0.05,36504,0,360,2.42,5.42,7.95,2.42,5.42,7.95,23,23,554.47,160.95,35.39,4.98,1.93,1.02,3.34,7.47,11.48,3.34,7.47,11.48,31,31,606.57,183.33,48.17,8.03,3.69,1.83
2022/02/02T11:48:09z,84:f3:eb:7d:7:a8,6.01,2.0+OPENLOG+15552 MB+DS3231+BME280+PMSX003-B+PMSX003-A,25,38,3,999.29,0.05,36504,0,480,2.09,5.10,6.93,2.09,5.10,6.93,21,21,527.28,149.97,33.90,3.93,0.93,0.62,2.76,7.02,8.90,2.76,7.02,8.90,29,29,579.52,170.24,35.83,7.60,1.97,0.90
2022/02/02T11:50:09z,84:f3:eb:7d:7:a8,6.01,2.0+OPENLOG+15552 MB+DS3231+BME280+PMSX003-B+PMSX003-A,24,38,2,999.37,0.05,36504,0,600,2.14,5.88,6.79,2.14,5.88,6.79,24,24,511.58,146.82,35.30,5.19,0.46,0.00,2.56,5.80,7.75,2.56,5.80,7.75,24,24,539.59,162.37,31.78,5.25,2.00,1.12
2022/02/02T11:52:09z,84:f3:eb:7d:7:a8,6.01,2.0+OPENLOG+15552 MB+DS3231+BME280+PMSX003-B+PMSX003-A,25,38,3,999.32,0.05,36504,0,720,2.62,5.73,7.80,2.62,5.73,7.80,24,24,560.51,155.25,40.67,5.78,1.56,1.16,3.03,5.76,9.57,3.03,5.76,9.57,24,24,602.79,175.19,34.40,5.59,4.28,1.24
2022/02/02T11:54:09z,84:f3:eb:7d:7:a8,6.01,2.0+OPENLOG+15552 MB+DS3231+BME280+PMSX003-B+PMSX003-A,25,37,2,999.24,0.05,36504,0,840,3.39,6.62,7.80,3.39,6.62,7.80,28,28,626.20,179.88,37.07,3.96,0.96,0.00,2.52,5.88,9.84,2.52,5.88,9.84,24,24,570.21,162.05,38.62,8.25,4.25,1.82
2022/02/02T11:56:09z,84:f3:eb:7d:7:a8,6.01,2.0+OPENLOG+15552 MB+DS3231+BME280+PMSX003-B+PMSX003-A,25,38,3,999.24,0.05,36504,0,960,2.25,4.97,7.36,2.25,4.97,7.36,21,21,556.42,157.24,30.95,3.73,1.83,1.83,3.07,5.63,9.20,3.07,5.63,9.20,23,23,553.94,162.22,32.35,5.81,3.48,2.15
2022/02/02T11:58:09z,84:f3:eb:7d:7:a8,6.01,2.0+OPENLOG+15552 MB+DS3231+BME280+PMSX003-B+PMSX003-A,25,37,2,999.24,0.05,36504,0,1080,2.45,4.76,7.17,2.45,4.76,7.17,20,20,507.88,148.28,29.74,3.72,2.41,1.17,2.66,5.98,10.64,2.66,5.98,10.64,25,25,584.95,168.28,34.78,7.66,4.76,2.14
2022/02/02T12:00:09z,84:f3:eb:7d:7:a8,6.01,2.0+OPENLOG+15552 MB+DS3231+BME280+PMSX003-B+PMSX003-A,25,37,2,999.32,0.05,36504,0,1200,2.84,6.38,10.27,2.84,6.38,10.27,27,27,596.51,170.04,39.67,6.49,3.24,1.78,3.31,6.02,9.69,3.31,6.02,9.69,25,25,614.43,175.45,37.66,7.03,3.62,1.72
2022/02/02T12:02:09z,84:f3:eb:7d:7:a8,6.01,2.0+OPENLOG+15552 MB+DS3231+BME280+PMSX003-B+PMSX003-A,25,37,2,999.45,nan,36656,0,119,2.69,6.48,9.40,2.69,6.48,9.40,27,27,587.14,170.07,40.19,5.24,2.38,2.33,3.12,6.22,12.34,3.12,6.22,12.34,26,26,582.80,173.29,41.93,10.90,6.71,1.46
2022/02/02T12:04:09z,84:f3:eb:7d:7:a8,6.01,2.0+OPENLOG+15552 MB+DS3231+BME280+PMSX003-B+PMSX003-A,25,37,2,999.54,0.05,36568,0,239,1.96,5.45,7.49,1.96,5.45,7.49,23,23,551.56,153.05,33.49,6.29,1.78,0.95,2.59,6.78,8.95,2.59,6.78,8.95,28,28,531.16,158.40,42.60,7.03,2.12,1.17
2022/02/02T12:06:09z,84:f3:eb:7d:7:a8,6.01,2.0+OPENLOG+15552 MB+DS3231+BME280+PMSX003-B+PMSX003-A,25,37,2,999.59,0.05,36568,0,359,1.95,6.10,8.24,1.95,6.10,8.24,25,25,551.59,156.97,40.22,6.72,1.72,0.93,2.95,6.11,10.30,2.95,6.11,10.30,25,25,584.11,167.72,32.88,10.00,3.82,2.39
2022/02/02T12:08:09z,84:f3:eb:7d:7:a8,6.01,2.0+OPENLOG+15552 MB+DS3231+BME280+PMSX003-B+PMSX003-A,24,37,1,999.75,0.05,36568,0,479,2.66,5.26,8.02,2.66,5.26,8.02,22,22,535.19,158.64,30.05,5.83,2.41,1.55,2.67,5.25,6.51,2.67,5.25,6.51,22,22,535.42,160.33,31.46,3.96,1.51,0.04
2022/02/02T12:10:09z,84:f3:eb:7d:7:a8,6.01,2.0+OPENLOG+15552 MB+DS3231+BME280+PMSX003-B+PMSX003-A,25,37,2,999.85,0.05,36568,0,599,1.79,4.38,6.41,1.79,4.38,6.41,18,18,497.14,139.00,28.64,3.64,2.00,0.61,2.14,5.85,8.22,2.14,5.85,8.22,24,24,550.78,156.75,34.44,7.02,2.17,1.22
2022/02/02T12:12:09z,84:f3:eb:7d:7:a8,6.01,2.0+OPENLOG+15552 MB+DS3231+BME280+PMSX003-B+PMSX003-A,25,37,2,999.93,0.05,36504,0,719,2.49,6.58,7.11,2.49,6.58,7.11,27,27,580.69,165.38,38.24,3.96,0.76,0.22,2.05,5.16,7.54,2.05,5.16,7.54,21,21,530.58,153.84,31.82,4.56,2.25,1.51
2022/02/02T12:14:09z,84:f3:eb:7d:7:a8,6.01,2.0+OPENLOG+15552 MB+DS3231+BME280+PMSX003-B+PMSX003-A,24,36,1,1000.02,0.05,36320,0,839,1.97,4.32,5.02,1.97,4.32,5.02,18,18,515.14,143.41,22.08,2.95,0.47,0.00,2.55,5.88,8.54,2.55,5.88,8.54,24,24,541.55,160.70,36.34,4.71,2.71,1.18
2022/02/02T12:16:09z,84:f3:eb:7d:7:a8,6.01,2.0+OPENLOG+15552 MB+DS3231+BME280+PMSX003-B+PMSX003-A,25,36,2,999.96,0.05,36504,0,959,2.66,4.53,6.71,2.66,4.53,6.71,19,19,503.19,146.86,31.02,3.90,1.86,0.27,2.40,5.69,7.91,2.40,5.69,7.91,24,24,546.38,159.40,34.18,6.29,2.65,1.09
2022/02/02T12:18:09z,84:f3:eb:7d:7:a8,6.01,2.0+OPENLOG+15552 MB+DS3231+BME280+PMSX003-B+PMSX003-A,25,36,2,999.92,0.05,36504,0,1079,2.05,4.20,5.00,2.05,4.20,5.00,17,17,491.95,137.80,29.98,2.46,0.54,0.18,2.49,4.93,6.32,2.49,4.93,6.32,21,21,507.68,152.44,29.60,4.04,1.51,0.14
2022/02/02T12:20:09z,84:f3:eb:7d:7:a8,6.01,2.0+OPENLOG+15552 MB+DS3231+BME280+PMSX003-B+PMSX003-A,24,36,1,999.95,0.05,36504,0,1199,2.11,4.53,6.31,2.11,4.53,6.31,19,19,508.47,141.64,31.35,4.15,0.98,0.47,2.31,4.73,7.39,2.31,4.73,7.39,20,20,521.54,152.19,27.75,4.95,2.27,0.88
2022/02/02T12:22:10z,84:f3:eb:7d:7:a8,6.01,2.0+OPENLOG+15552 MB+DS3231+BME280+PMSX003-B+PMSX003-A,25,36,2,999.98,nan,36656,0,120,1.17,2.43,3.29,1.17,2.43,3.29,10,10,399.00,107.14,23.24,2.48,0.52,0.00,2.26,5.82,7.69,2.26,5.82,7.69,24,24,512.15,144.74,35.54,4.62,1.74,1.49
2022/02/02T12:24:10z,84:f3:eb:7d:7:a8,6.01,2.0+OPENLOG+15552 MB+DS3231+BME280+PMSX003-B+PMSX003-A,24,36,1,1000.09,0.05,36568,0,240,2.45,4.80,7.24,2.45,4.80,7.24,20,20,588.82,163.00,29.67,4.69,1.75,0.87,1.44,4.19,6.18,1.44,4.19,6.18,17,17,439.95,125.39,29.19,4.14,1.72,1.05
2022/02/02T12:26:10z,84:f3:eb:7d:7:a8,6.01,2.0+OPENLOG+15552 MB+DS3231+BME280+PMSX003-B+PMSX003-A,25,36,2,1000.11,0.05,36568,0,360,1.29,4.22,6.22,1.29,4.22,6.22,18,18,429.93,123.40,32.40,5.97,1.48,0.52,2.35,5.91,8.30,2.35,5.91,8.30,25,25,525.21,153.47,33.81,7.02,2.28,1.47
2022/02/02T12:28:10z,84:f3:eb:7d:7:a8,6.01,2.0+OPENLOG+15552 MB+DS3231+BME280+PMSX003-B+PMSX003-A,25,36,2,999.98,0.05,36568,0,480,2.03,5.76,7.36,2.03,5.76,7.36,24,24,521.84,148.97,34.05,4.86,1.21,0.93,2.05,5.00,6.53,2.05,5.00,6.53,21,21,482.40,141.65,35.62,4.73,1.45,0.98
2022/02/02T12:30:10z,84:f3:eb:7d:7:a8,6.01,2.0+OPENLOG+15552 MB+DS3231+BME280+PMSX003-B+PMSX003-A,25,36,2,999.90,0.05,36568,0,600,1.84,4.45,6.05,1.84,4.45,6.05,19,19,478.12,131.66,29.52,5.04,1.18,0.00,2.19,4.56,6.75,2.19,4.56,6.75,19,19,510.20,143.54,30.10,4.95,2.54,0.00
2022/02/02T12:32:10z,84:f3:eb:7d:7:a8,6.01,2.0+OPENLOG+15552 MB+DS3231+BME280+PMSX003-B+PMSX003-A,24,36,1,999.89,0.05,36504,0,720,2.16,6.07,9.54,2.16,6.07,9.54,25,25,558.80,159.41,37.45,8.61,2.89,1.04,2.71,6.29,8.93,2.71,6.29,8.93,26,26,561.20,165.24,38.46,6.80,2.71,0.37
2022/02/02T12:34:10z,84:f3:eb:7d:7:a8,6.01,2.0+OPENLOG+15552 MB+DS3231+BME280+PMSX003-B+PMSX003-A,25,36,2,999.99,0.05,36504,0,840,2.00,4.61,7.88,2.00,4.61,7.88,19,19,495.42,139.33,28.04,6.04,3.33,1.72,1.91,4.05,5.37,1.91,4.05,5.37,17,17,491.11,141.02,25.21,3.33,1.19,0.88
2022/02/02T12:36:10z,84:f3:eb:7d:7:a8,6.01,2.0+OPENLOG+15552 MB+DS3231+BME280+PMSX003-B+PMSX003-A,25,36,2,1000.06,0.05,36504,0,960,2.54,5.31,6.85,2.54,5.31,6.85,22,22,572.44,160.56,32.27,4.44,0.85,0.47,1.59,4.46,6.72,1.59,4.46,6.72,19,19,459.83,133.33,30.11,6.22,2.41,0.41
2022/02/02T12:38:10z,84:f3:eb:7d:7:a8,6.01,2.0+OPENLOG+15552 MB+DS3231+BME280+PMSX003-B+PMSX003-A,25,36,2,1000.02,0.05,36504,0,1080,2.30,5.67,9.65,2.30,5.67,9.65,24,24,531.32,154.32,37.46,8.00,3.16,2.39,2.16,4.20,6.62,2.16,4.20,6.62,17,17,524.20,146.23,27.38,3.75,2.07,1.29
2022/02/02T12:40:10z,84:f3:eb:7d:7:a8,6.01,2.0+OPENLOG+15552 MB+DS3231+BME280+PMSX003-B+PMSX003-A,24,37,1,1000.10,0.05,36504,0,1200,2.84,5.71,7.73,2.84,5.71,7.73,24,24,618.27,165.13,33.11,5.82,1.60,0.00,3.67,7.03,7.40,3.67,7.03,7.40,29,29,651.31,191.45,31.07,5.14,0.52,0.00
2022/02/02T12:42:11z,84:f3:eb:7d:7:a8,6.01,2.0+OPENLOG+15552 MB+DS3231+BME280+PMSX003-B+PMSX003-A,25,37,2,1000.11,nan,36656,0,120,1.40,3.84,6.21,1.40,3.84,6.21,16,16,446.23,121.93,25.35,5.58,1.67,1.67,2.51,5.68,7.24,2.51,5.68,7.24,24,24,485.49,144.93,25.85,6.63,1.61,0.78
2022/02/02T12:44:11z,84:f3:eb:7d:7:a8,6.01,2.0+OPENLOG+15552 MB+DS3231+BME280+PMSX003-B+PMSX003-A,24,37,1,1000.08,0.05,36568,0,240,2.07,4.88,6.36,2.07,4.88,6.36,20,20,474.70,129.45,35.89,4.68,1.36,0.46,2.23,6.32,8.85,2.23,6.32,8.85,26,26,516.65,152.85,39.27,8.63,2.90,0.27
2022/02/02T12:46:11z,84:f3:eb:7d:7:a8,6.01,2.0+OPENLOG+15552 MB+DS3231+BME280+PMSX003-B+PMSX003-A,24,37,1,1000.12,0.05,36504,0,360,1.95,4.83,7.40,1.95,4.83,7.40,20,20,474.88,138.21,33.81,4.14,2.03,1.34,2.05,4.59,5.05,2.05,4.59,5.05,19,19,505.29,145.16,30.97,2.34,0.52,0.17
2022/02/02T12:48:11z,84:f3:eb:7d:7:a8,6.01,2.0+OPENLOG+15552 MB+DS3231+BME280+PMSX003-B+PMSX003-A,24,37,1,1000.12,0.05,36504,0,480,2.36,4.88,5.57,2.36,4.88,5.57,20,20,542.90,146.93,25.47,3.00,1.00,0.00,1.91,4.82,6.24,1.91,4.82,6.24,20,20,497.84,138.64,29.71,5.16,0.84,0.40
2022/02/02T12:50:11z,84:f3:eb:7d:7:a8,6.01,2.0+OPENLOG+15552 MB+DS3231+BME280+PMSX003-B+PMSX003-A,24,37,1,1000.13,0.05,36504,0,600,2.23,4.62,5.55,2.23,4.62,5.55,19,19,514.98,146.05,25.91,3.43,0.54,0.54,2.21,5.58,7.86,2.21,5.58,7.86,23,23,527.84,152.91,31.42,6.46,2.21,1.86
2022/02/02T12:52:11z,84:f3:eb:7d:7:a8,6.01,2.0+OPENLOG+15552 MB+DS3231+BME280+PMSX003-B+PMSX003-A,24,37,1,1000.22,0.05,36504,0,720,2.30,3.98,4.98,2.30,3.98,4.98,17,17,504.00,141.32,22.77,2.42,1.05,0.39,2.71,6.83,9.91,2.71,6.83,9.91,28,28,582.93,174.34,39.05,6.12,3.31,1.14
2022/02/02T12:54:11z,84:f3:eb:7d:7:a8,6.01,2.0+OPENLOG+15552 MB+DS3231+BME280+PMSX003-B+PMSX003-A,24,37,1,1000.24,0.05,36504,0,840,2.14,4.12,5.57,2.14,4.12,5.57,17,17,514.76,140.72,27.79,3.45,1.17,0.00,2.41,6.19,8.47,2.41,6.19,8.47,26,26,571.17,163.68,36.37,8.02,2.17,0.85
2022/02/02T12:56:11z,84:f3:eb:7d:7:a8,6.01,2.0+OPENLOG+15552 MB+DS3231+BME280+PMSX003-B+PMSX003-A,25,36,2,1000.29,0.05,36504,0,960,1.45,4.12,7.09,1.45,4.12,7.09,17,17,462.00,129.78,29.28,5.86,3.03,1.21,1.48,4.39,7.25,1.48,4.39,7.25,18,18,450.21,136.71,28.70,5.54,3.04,1.57
2022/02/02T12:58:11z,84:f3:eb:7d:7:a8,6.01,2.0+OPENLOG+15552 MB+DS3231+BME280+PMSX003-B+PMSX003-A,24,36,1,1000.34,0.05,36504,0,1080,2.30,5.00,6.93,2.30,5.00,6.93,21,21,511.11,148.63,28.35,4.84,1.68,0.56,2.61,5.70,10.23,2.61,5.70,10.23,24,24,560.20,161.14,42.84,7.21,4.00,1.96
2022/02/02T13:00:11z,84:f3:eb:7d:7:a8,6.01,2.0+OPENLOG+15552 MB+DS3231+BME280+PMSX003-B+PMSX003-A,24,36,1,1000.41,0.05,36504,0,1200,1.69,3.71,5.64,1.69,3.71,5.64,15,15,465.98,132.25,25.18,3.31,1.42,1.42,2.07,4.68,5.49,2.07,4.68,5.49,20,20,515.05,145.12,28.00,3.16,0.63,0.63
2022/02/02T13:02:13z,84:f3:eb:7d:7:a8,6.01,2.0+OPENLOG+15552 MB+DS3231+BME280+PMSX003-B+PMSX003-A,23,36,0,1000.63,nan,36656,0,121,1.95,3.88,4.95,1.95,3.88,4.95,16,16,474.14,132.02,22.72,4.00,0.65,0.23,3.35,5.90,7.32,3.35,5.90,7.32,25,25,560.25,166.32,35.45,4.55,1.05,1.05
2022/02/02T13:04:13z,84:f3:eb:7d:7:a8,6.01,2.0+OPENLOG+15552 MB+DS3231+BME280+PMSX003-B+PMSX003-A,24,37,1,1000.53,0.05,36568,0,241,1.58,3.20,6.53,1.58,3.20,6.53,13,13,414.65,119.98,19.98,5.49,2.84,1.96,2.67,5.25,8.91,2.67,5.25,8.91,22,22,546.63,155.46,27.61,6.28,3.23,1.89
2022/02/02T13:06:13z,84:f3:eb:7d:7:a8,6.01,2.0+OPENLOG+15552 MB+DS3231+BME280+PMSX003-B+PMSX003-A,24,36,1,1000.62,0.05,36568,0,361,1.66,4.36,5.33,1.66,4.36,5.33,18,18,456.98,129.10,31.72,3.86,0.48,0.48,1.66,3.50,6.89,1.66,3.50,6.89,15,15,474.48,129.91,24.54,3.89,2.96,1.82
2022/02/02T13:08:13z,84:f3:eb:7d:7:a8,6.01,2.0+OPENLOG+15552 MB+DS3231+BME280+PMSX003-B+PMSX003-A,24,36,1,1000.69,0.05,36568,0,481,1.72,4.68,5.74,1.72,4.68,5.74,20,20,447.84,128.49,29.91,6.04,0.91,0.00,1.80,4.56,6.48,1.80,4.56,6.48,19,19,489.11,141.70,25.74,5.59,1.89,1.00
2022/02/02T13:10:13z,84:f3:eb:7d:7:a8,6.01,2.0+OPENLOG+15552 MB+DS3231+BME280+PMSX003-B+PMSX003-A,24,36,1,1000.69,0.05,36568,0,601,2.89,4.32,5.35,2.89,4.32,5.35,18,18,565.89,148.23,22.91,2.25,0.91,0.49,2.07,5.52,7.72,2.07,5.52,7.72,23,23,572.22,157.28,31.10,6.38,1.93,1.55
2022/02/02T13:12:13z,84:f3:eb:7d:7:a8,6.01,2.0+OPENLOG+15552 MB+DS3231+BME280+PMSX003-B+PMSX003-A,24,36,1,1000.74,0.05,36568,0,721,2.39,5.71,6.50,2.39,5.71,6.50,24,24,552.80,153.68,36.80,4.11,0.54,0.00,2.08,5.61,7.66,2.08,5.61,7.66,23,23,534.31,153.17,34.95,6.00,2.00,0.85
2022/02/02T13:14:13z,84:f3:eb:7d:7:a8,6.01,2.0+OPENLOG+15552 MB+DS3231+BME280+PMSX003-B+PMSX003-A,24,36,1,1000.89,0.05,36568,0,841,2.98,6.21,6.58,2.98,6.21,6.58,26,26,602.63,167.16,32.00,3.12,0.46,0.00,3.19,5.50,6.57,3.19,5.50,6.57,23,23,559.60,163.69,30.19,4.31,1.34,0.52
2022/02/02T13:16:13z,84:f3:eb:7d:7:a8,6.01,2.0+OPENLOG+15552 MB+DS3231+BME280+PMSX003-B+PMSX003-A,24,37,1,1000.91,0.05,36568,0,961,2.12,5.57,6.53,2.12,5.57,6.53,23,23,533.28,149.74,35.64,3.97,0.86,0.00,2.46,5.56,8.23,2.46,5.56,8.23,23,23,520.63,151.89,32.74,6.49,2.63,0.95
2022/02/02T13:18:13z,84:f3:eb:7d:7:a8,6.01,2.0+OPENLOG+15552 MB+DS3231+BME280+PMSX003-B+PMSX003-A,24,36,1,1000.97,0.05,36568,0,1081,2.79,5.12,6.58,2.79,5.12,6.58,21,21,563.74,159.35,32.82,3.16,1.58,0.00,2.16,4.88,8.07,2.16,4.88,8.07,20,20,513.72,144.22,34.40,5.00,3.38,1.03
2022/02/02T13:20:13z,84:f3:eb:7d:7:a8,6.01,2.0+OPENLOG+15552 MB+DS3231+BME280+PMSX003-B+PMSX003-A,24,37,1,1001.05,0.05,36568,0,1201,2.27,5.54,7.32,2.27,5.54,7.32,23,23,528.91,149.50,37.48,4.71,1.79,1.21,2.05,5.52,7.90,2.05,5.52,7.90,23,23,515.90,150.66,34.88,6.98,1.62,1.21
2022/02/02T13:22:14z,84:f3:eb:7d:7:a8,6.01,2.0+OPENLOG+15552 MB+DS3231+BME280+PMSX003-B+PMSX003-A,24,37,1,1001.02,nan,36656,0,120,2.59,5.43,6.16,2.59,5.43,6.16,23,23,552.48,154.43,34.00,4.14,0.50,0.00,3.18,6.87,9.36,3.18,6.87,9.36,29,29,591.54,174.44,46.95,7.33,2.67,0.00
2022/02/02T13:24:14z,84:f3:eb:7d:7:a8,6.01,2.0+OPENLOG+15552 MB+DS3231+BME280+PMSX003-B+PMSX003-A,24,37,1,1001.07,0.05,36568,0,240,1.79,4.34,4.98,1.79,4.34,4.98,18,18,478.07,134.30,24.95,3.54,0.79,0.00,2.41,5.73,8.22,2.41,5.73,8.22,24,24,537.76,155.88,29.47,5.93,3.02,0.37
2022/02/02T13:26:14z,84:f3:eb:7d:7:a8,6.01,2.0+OPENLOG+15552 MB+DS3231+BME280+PMSX003-B+PMSX003-A,24,36,1,1001.14,0.05,36568,0,360,1.95,5.07,5.91,1.95,5.07,5.91,21,21,468.62,136.28,27.45,5.52,0.83,0.00,2.02,4.77,8.70,2.02,4.77,8.70,20,20,505.29,145.79,33.89,5.75,3.93,2.18
2022/02/02T13:28:14z,84:f3:eb:7d:7:a8,6.01,2.0+OPENLOG+15552 MB+DS3231+BME280+PMSX003-B+PMSX003-A,24,37,1,1001.21,0.05,36568,0,480,2.17,4.02,6.59,2.17,4.02,6.59,17,17,489.67,138.22,23.40,5.17,2.31,1.17,2.87,5.47,7.16,2.87,5.47,7.16,23,23,568.64,159.78,33.35,4.58,1.60,0.80
2022/02/02T13:30:14z,84:f3:eb:7d:7:a8,6.01,2.0+OPENLOG+15552 MB+DS3231+BME280+PMSX003-B+PMSX003-A,25,37,2,1001.20,0.05,36568,0,600,1.82,4.73,4.73,1.82,4.73,4.73,20,20,486.64,136.86,26.09,4.32,0.00,0.00,2.11,5.96,7.60,2.11,5.96,7.60,25,25,498.58,148.33,32.46,7.68,1.75,0.00
2022/02/02T13:32:14z,84:f3:eb:7d:7:a8,6.01,2.0+OPENLOG+15552 MB+DS3231+BME280+PMSX003-B+PMSX003-A,24,37,1,1001.20,0.05,36568,0,720,2.02,4.49,5.29,2.02,4.49,5.29,19,19,482.40,135.76,25.78,3.75,0.51,0.51,1.82,4.82,8.05,1.82,4.82,8.05,20,20,496.00,150.42,36.37,5.61,3.89,0.46
2022/02/02T13:34:14z,84:f3:eb:7d:7:a8,6.01,2.0+OPENLOG+15552 MB+DS3231+BME280+PMSX003-B+PMSX003-A,24,37,1,1001.25,0.05,36568,0,840,2.35,5.00,6.70,2.35,5.00,6.70,21,21,506.53,148.30,31.82,4.18,1.65,0.84,2.66,4.86,6.66,2.66,4.86,6.66,20,20,538.71,154.54,26.57,3.79,2.04,1.25
2022/02/02T13:36:14z,84:f3:eb:7d:7:a8,6.01,2.0+OPENLOG+15552 MB+DS3231+BME280+PMSX003-B+PMSX003-A,24,37,1,1001.19,0.05,36568,0,960,1.80,4.15,5.20,1.80,4.15,5.20,17,17,465.56,131.78,26.75,2.58,1.39,0.51,2.77,5.05,6.61,2.77,5.05,6.61,21,21,549.80,158.86,32.73,3.82,1.71,0.54
2022/02/02T13:38:14z,84:f3:eb:7d:7:a8,6.01,2.0+OPENLOG+15552 MB+DS3231+BME280+PMSX003-B+PMSX003-A,24,37,1,1001.15,0.05,36568,0,1080,2.40,5.53,7.79,2.40,5.53,7.79,23,23,561.31,160.95,36.64,5.66,1.93,0.97,2.31,4.86,5.81,2.31,4.86,5.81,20,20,498.21,143.12,29.91,4.62,1.31,0.00
2022/02/02T13:40:14z,84:f3:eb:7d:7:a8,6.01,2.0+OPENLOG+15552 MB+DS3231+BME280+PMSX003-B+PMSX003-A,24,37,1,1001.19,0.05,36568,0,1200,2.48,4.61,7.48,2.48,4.61,7.48,19,19,530.62,148.00,27.16,5.43,2.79,1.36,1.63,3.88,5.98,1.63,3.88,5.98,16,16,486.00,136.58,30.05,3.00,2.03,0.93
2022/02/02T13:42:16z,84:f3:eb:7d:7:a8,6.01,2.0+OPENLOG+15552 MB+DS3231+BME280+PMSX003-B+PMSX003-A,24,37,1,1001.20,nan,36656,0,121,1.40,4.17,4.40,1.40,4.17,4.40,17,17,453.86,131.24,23.00,2.81,0.48,0.00,1.88,3.85,6.15,1.88,3.85,6.15,16,16,515.47,142.10,19.00,4.65,3.10,0.05
2022/02/02T13:44:16z,84:f3:eb:7d:7:a8,6.01,2.0+OPENLOG+15552 MB+DS3231+BME280+PMSX003-B+PMSX003-A,24,36,1,1001.20,0.05,36504,0,241,2.18,4.73,5.70,2.18,4.73,5.70,20,20,522.21,142.89,32.27,2.50,0.96,0.46,2.25,3.93,7.37,2.25,3.93,7.37,16,16,503.68,143.84,24.25,4.53,3.44,1.89
2022/02/02T13:46:16z,84:f3:eb:7d:7:a8,6.01,2.0+OPENLOG+15552 MB+DS3231+BME280+PMSX003-B+PMSX003-A,23,37,0,1001.14,0.05,36504,0,361,1.60,4.16,6.31,1.60,4.16,6.31,17,17,499.97,137.14,26.66,5.14,1.52,0.17,1.84,4.73,8.21,1.84,4.73,8.21,20,20,515.14,146.45,32.77,6.79,3.64,1.07
2022/02/02T13:48:16z,84:f3:eb:7d:7:a8,6.01,2.0+OPENLOG+15552 MB+DS3231+BME280+PMSX003-B+PMSX003-A,24,37,1,1001.13,0.05,36504,0,481,2.03,4.52,7.05,2.03,4.52,7.05,19,19,543.10,148.74,27.00,5.45,1.79,0.90,1.94,5.56,9.00,1.94,5.56,9.00,23,23,535.78,154.96,35.87,7.26,3.44,2.00
2022/02/02T13:50:16z,84:f3:eb:7d:7:a8,6.01,2.0+OPENLOG+15552 MB+DS3231+BME280+PMSX003-B+PMSX003-A,24,37,1,1001.14,0.05,36504,0,601,2.89,6.46,8.57,2.89,6.46,8.57,27,27,602.14,169.96,38.36,6.07,1.89,0.75,1.93,4.61,7.11,1.93,4.61,7.11,19,19,470.05,138.47,31.81,6.74,2.39,1.23
2022/02/02T13:52:16z,84:f3:eb:7d:7:a8,6.01,2.0+OPENLOG+15552 MB+DS3231+BME280+PMSX003-B+PMSX003-A,24,37,1,1001.06,0.05,36504,0,721,2.30,5.68,6.59,2.30,5.68,6.59,24,24,536.57,154.21,34.54,3.96,0.64,0.00,2.02,4.30,6.23,2.02,4.30,6.23,18,18,503.37,143.67,28.21,3.33,1.89,1.19
2022/02/02T13:54:16z,84:f3:eb:7d:7:a8,6.01,2.0+OPENLOG+15552 MB+DS3231+BME280+PMSX003-B+PMSX003-A,23,37,1,1001.00,0.05,36504,0,841,2.39,5.26,5.70,2.39,5.26,5.70,22,22,514.95,148.25,32.61,4.00,0.39,0.00,2.91,6.33,9.16,2.91,6.33,9.16,26,26,580.26,169.74,32.12,7.95,2.60,1.72
2022/02/02T13:56:16z,84:f3:eb:7d:7:a8,6.01,2.0+OPENLOG+15552 MB+DS3231+BME280+PMSX003-B+PMSX003-A,24,37,1,1001.05,0.05,36504,0,961,2.00,4.72,5.81,2.00,4.72,5.81,20,20,534.26,144.69,28.03,3.86,0.52,0.52,2.88,6.47,8.58,2.88,6.47,8.58,27,27,607.37,173.81,39.12,6.33,1.96,1.51
2022/02/02T13:58:16z,84:f3:eb:7d:7:a8,6.01,2.0+OPENLOG+15552 MB+DS3231+BME280+PMSX003-B+PMSX003-A,25,37,2,1001.02,0.05,36504,0,1081,2.32,4.25,5.28,2.32,4.25,5.28,18,18,494.74,138.88,27.00,2.42,0.95,0.81,2.22,4.92,9.20,2.22,4.92,9.20,20,20,523.73,153.44,30.61,8.14,4.37,1.36
2022/02/02T14:00:16z,84:f3:eb:7d:7:a8,6.01,2.0+OPENLOG+15552 MB+DS3231+BME280+PMSX003-B+PMSX003-A,24,37,1,1001.07,0.05,36504,0,1201,2.24,4.87,6.85,2.24,4.87,6.85,20,20,558.65,147.84,29.31,4.98,1.75,0.87,2.34,6.09,8.90,2.34,6.09,8.90,25,25,562.19,165.28,34.97,6.16,3.10,1.17
2022/02/02T14:02:16z,84:f3:eb:7d:7:a8,6.01,2.0+OPENLOG+15552 MB+DS3231+BME280+PMSX003-B+PMSX003-A,24,37,1,1001.11,nan,36656,0,120,1.71,3.55,4.86,1.71,3.55,4.86,15,15,471.64,127.62,23.83,2.81,1.14,0.14,2.10,4.62,5.18,2.10,4.62,5.18,19,19,484.73,140.55,26.95,4.35,0.50,0.05
2022/02/02T14:04:16z,84:f3:eb:7d:7:a8,6.01,2.0+OPENLOG+15552 MB+DS3231+BME280+PMSX003-B+PMSX003-A,24,37,1,1001.06,0.05,36504,0,240,1.35,3.49,5.24,1.35,3.49,5.24,15,15,410.35,114.11,26.69,3.93,1.64,0.80,2.19,5.93,7.80,2.19,5.93,7.80,25,25,547.22,160.10,38.51,6.27,1.90,0.37
2022/02/02T14:06:16z,84:f3:eb:7d:7:a8,6.01,2.0+OPENLOG+15552 MB+DS3231+BME280+PMSX003-B+PMSX003-A,23,37,0,1001.12,0.05,36504,0,360,2.22,4.67,5.55,2.22,4.67,5.55,19,19,480.16,137.26,27.00,3.00,0.72,0.00,2.27,4.41,7.18,2.27,4.41,7.18,18,18,519.00,145.55,34.29,4.86,3.25,0.89
2022/02/02T14:08:16z,84:f3:eb:7d:7:a8,6.01,2.0+OPENLOG+15552 MB+DS3231+BME280+PMSX003-B+PMSX003-A,24,37,1,1001.28,0.05,36504,0,480,2.16,5.00,6.47,2.16,5.00,6.47,21,21,497.69,134.67,29.34,5.17,0.90,0.48,2.42,4.34,8.89,2.42,4.34,8.89,18,18,488.15,146.74,25.91,6.60,4.34,2.60
2022/02/02T14:10:16z,84:f3:eb:7d:7:a8,6.01,2.0+OPENLOG+15552 MB+DS3231+BME280+PMSX003-B+PMSX003-A,24,37,1,1001.34,0.05,36504,0,600,1.80,4.36,5.20,1.80,4.36,5.20,18,18,503.46,134.50,25.21,3.46,0.36,0.36,2.26,7.12,9.98,2.26,7.12,9.98,30,30,544.55,162.90,40.79,9.38,3.17,0.86
2022/02/02T14:12:16z,84:f3:eb:7d:7:a8,6.01,2.0+OPENLOG+15552 MB+DS3231+BME280+PMSX003-B+PMSX003-A,23,37,0,1001.38,0.05,36504,0,720,2.40,5.74,8.44,2.40,5.74,8.44,24,24,523.89,149.42,37.70,5.79,1.96,1.02,1.92,6.08,8.90,1.92,6.08,8.90,25,25,523.50,145.47,42.22,7.33,2.77,1.23
2022/02/02T14:14:16z,84:f3:eb:7d:7:a8,6.01,2.0+OPENLOG+15552 MB+DS3231+BME280+PMSX003-B+PMSX003-A,24,37,1,1001.43,0.05,36504,0,840,2.72,4.81,5.96,2.72,4.81,5.96,20,20,448.53,132.72,30.63,2.95,1.16,0.00,1.75,5.23,6.86,1.75,5.23,6.86,22,22,470.68,131.51,25.35,7.68,1.89,0.70
2022/02/02T14:16:16z,84:f3:eb:7d:7:a8,6.01,2.0+OPENLOG+15552 MB+DS3231+BME280+PMSX003-B+PMSX003-A,24,37,1,1001.50,0.05,36504,0,960,2.41,5.21,5.21,2.41,5.21,5.21,22,22,499.91,141.78,25.33,3.31,0.00,0.00,2.30,6.05,8.75,2.30,6.05,8.75,25,25,521.36,152.16,34.32,7.54,2.93,0.29
2022/02/02T14:18:16z,84:f3:eb:7d:7:a8,6.01,2.0+OPENLOG+15552 MB+DS3231+BME280+PMSX003-B+PMSX003-A,24,37,1,1001.42,0.05,36504,0,1080,2.16,3.16,6.05,2.16,3.16,6.05,13,13,451.50,122.69,24.28,3.97,2.10,1.31,1.88,4.88,6.25,1.88,4.88,6.25,20,20,467.41,138.02,27.75,5.86,1.21,0.46
2022/02/02T14:20:16z,84:f3:eb:7d:7:a8,6.01,2.0+OPENLOG+15552 MB+DS3231+BME280+PMSX003-B+PMSX003-A,23,37,0,1001.41,0.05,36504,0,1200,2.13,4.13,5.58,2.13,4.13,5.58,17,17,481.31,141.07,27.62,3.09,0.65,0.62,2.65,5.58,8.58,2.65,5.58,8.58,23,23,536.95,156.07,33.40,6.77,2.95,1.89
2022/02/02T14:22:17z,84:f3:eb:7d:7:a8,6.01,2.0+OPENLOG+15552 MB+DS3231+BME280+PMSX003-B+PMSX003-A,24,37,1,1001.48,nan,36656,0,120,2.07,4.26,5.93,2.07,4.26,5.93,18,18,511.79,142.10,23.86,3.81,1.43,0.52,2.31,4.95,9.05,2.31,4.95,9.05,21,21,510.46,148.18,35.77,5.74,4.21,1.74
2022/02/02T14:24:17z,84:f3:eb:7d:7:a8,6.01,2.0+OPENLOG+15552 MB+DS3231+BME280+PMSX003-B+PMSX003-A,23,37,0,1001.54,0.05,36568,0,240,2.61,4.75,7.59,2.61,4.75,7.59,20,20,517.34,140.95,29.43,5.21,2.46,0.54,2.23,5.37,8.93,2.23,5.37,8.93,22,22,574.47,160.84,32.30,6.86,2.95,2.14
2022/02/02T14:26:17z,84:f3:eb:7d:7:a8,6.01,2.0+OPENLOG+15552 MB+DS3231+BME280+PMSX003-B+PMSX003-A,24,37,1,1001.51,0.05,36568,0,360,2.38,4.31,5.98,2.38,4.31,5.98,18,18,514.91,142.19,24.21,3.41,1.24,0.79,2.24,5.69,8.43,2.24,5.69,8.43,24,24,532.40,155.57,34.59,5.50,2.55,1.41
2022/02/02T14:28:17z,84:f3:eb:7d:7:a8,6.01,2.0+OPENLOG+15552 MB+DS3231+BME280+PMSX003-B+PMSX003-A,23,37,0,1000.78,0.05,36568,0,480,2.66,4.47,5.22,2.66,4.47,5.22,19,19,518.53,140.28,26.88,1.86,0.48,0.48,2.05,4.98,7.63,2.05,4.98,7.63,21,21,517.53,148.54,31.44,6.74,2.74,0.67
2022/02/02T14:30:17z,84:f3:eb:7d:7:a8,6.01,2.0+OPENLOG+15552 MB+DS3231+BME280+PMSX003-B+PMSX003-A,23,37,0,1001.65,0.05,36568,0,600,1.95,4.18,7.09,1.95,4.18,7.09,17,17,476.67,129.35,25.78,4.62,2.29,1.49,1.85,4.42,6.30,1.85,4.42,6.30,18,18,459.75,134.42,27.62,4.00,2.10,0.77
2022/02/02T14:32:17z,84:f3:eb:7d:7:a8,6.01,2.0+OPENLOG+15552 MB+DS3231+BME280+PMSX003-B+PMSX003-A,23,37,0,1001.76,0.05,36568,0,720,2.75,5.04,6.18,2.75,5.04,6.18,21,21,524.95,142.16,26.52,2.82,1.21,0.82,1.75,4.17,6.53,1.75,4.17,6.53,17,17,485.69,138.31,24.75,5.42,2.44,1.25
2022/02/02T14:34:17z,84:f3:eb:7d:7:a8,6.01,2.0+OPENLOG+15552 MB+DS3231+BME280+PMSX003-B+PMSX003-A,23,37,0,1001.88,0.05,36568,0,840,1.88,4.54,5.56,1.88,4.54,5.56,19,19,431.74,120.51,26.49,3.33,0.81,0.35,1.97,4.16,6.66,1.97,4.16,6.66,17,17,458.74,132.22,29.00,4.34,2.97,0.76
2022/02/02T14:36:17z,84:f3:eb:7d:7:a8,6.01,2.0+OPENLOG+15552 MB+DS3231+BME280+PMSX003-B+PMSX003-A,23,37,0,1001.88,0.05,36568,0,960,1.81,4.07,6.78,1.81,4.07,6.78,17,17,454.07,129.64,28.81,3.59,2.14,1.69,2.14,4.84,9.11,2.14,4.84,9.11,20,20,481.11,142.49,31.86,7.72,3.51,2.60
2022/02/02T14:38:17z,84:f3:eb:7d:7:a8,6.01,2.0+OPENLOG+15552 MB+DS3231+BME280+PMSX003-B+PMSX003-A,23,37,0,1001.97,0.05,36568,0,1080,2.47,4.81,5.34,2.47,4.81,5.34,20,20,535.03,139.81,25.00,2.17,0.48,0.00,1.81,4.56,6.56,1.81,4.56,6.56,19,19,454.42,133.79,27.33,5.12,2.14,0.84
2022/02/02T14:40:17z,84:f3:eb:7d:7:a8,6.01,2.0+OPENLOG+15552 MB+DS3231+BME280+PMSX003-B+PMSX003-A,23,37,0,1001.94,0.05,36568,0,1200,1.27,3.64,4.45,1.27,3.64,4.45,15,15,410.40,113.33,24.13,3.13,0.51,0.51,1.71,4.05,6.24,1.71,4.05,6.24,17,17,467.90,129.37,25.14,5.66,2.17,0.71
2022/02/02T14:42:18z,84:f3:eb:7d:7:a8,6.01,2.0+OPENLOG+15552 MB+DS3231+BME280+PMSX003-B+PMSX003-A,24,37,1,1001.98,nan,36656,0,121,2.67,5.02,6.40,2.67,5.02,6.40,21,21,516.79,142.60,29.90,2.52,1.33,0.57,2.05,4.38,8.33,2.05,4.38,8.33,18,18,444.15,128.56,25.44,7.54,3.85,1.74
2022/02/02T14:44:18z,84:f3:eb:7d:7:a8,6.01,2.0+OPENLOG+15552 MB+DS3231+BME280+PMSX003-B+PMSX003-A,22,36,0,1001.14,0.05,36256,0,241,1.84,5.02,7.69,1.84,5.02,7.69,21,21,468.05,131.13,33.31,5.31,2.58,0.76,1.71,5.64,7.64,1.71,5.64,7.64,23,23,483.05,137.41,31.93,6.03,2.03,0.79
2022/02/02T14:46:18z,84:f3:eb:7d:7:a8,6.01,2.0+OPENLOG+15552 MB+DS3231+BME280+PMSX003-B+PMSX003-A,23,36,0,1001.95,0.05,36568,0,361,1.48,3.90,5.98,1.48,3.90,5.98,16,16,428.38,117.72,25.21,5.31,1.69,0.45,2.09,5.18,6.98,2.09,5.18,6.98,22,22,508.20,146.38,32.75,4.11,2.00,0.73
2022/02/02T14:48:18z,84:f3:eb:7d:7:a8,6.01,2.0+OPENLOG+15552 MB+DS3231+BME280+PMSX003-B+PMSX003-A,22,37,0,1002.03,0.05,36568,0,481,2.95,4.29,5.97,2.95,4.29,5.97,18,18,519.88,144.59,25.53,4.07,1.24,0.00,2.67,4.93,6.82,2.67,4.93,6.82,21,21,510.38,153.38,26.38,5.38,1.64,1.02
2022/02/02T14:50:18z,84:f3:eb:7d:7:a8,6.01,2.0+OPENLOG+15552 MB+DS3231+BME280+PMSX003-B+PMSX003-A,23,37,0,1002.01,0.05,36568,0,601,2.22,4.20,4.67,2.22,4.20,4.67,17,17,493.31,128.93,24.58,2.91,0.44,0.00,1.79,4.19,5.30,1.79,4.19,5.30,17,17,452.84,126.46,27.16,3.75,1.16,0.32
2022/02/02T14:52:18z,84:f3:eb:7d:7:a8,6.01,2.0+OPENLOG+15552 MB+DS3231+BME280+PMSX003-B+PMSX003-A,23,37,0,1001.96,0.05,36568,0,721,2.71,5.61,6.98,2.71,5.61,6.98,23,23,547.23,141.95,33.07,3.82,1.57,0.50,2.28,4.21,4.49,2.28,4.21,4.49,18,18,476.89,133.39,28.26,1.47,0.42,0.42
2022/02/02T14:54:18z,84:f3:eb:7d:7:a8,6.01,2.0+OPENLOG+15552 MB+DS3231+BME280+PMSX003-B+PMSX003-A,23,37,0,1002.06,0.05,36568,0,841,2.45,4.21,5.05,2.45,4.21,5.05,18,18,452.84,127.47,22.38,2.38,0.86,0.00,1.84,3.79,7.54,1.84,3.79,7.54,16,16,444.16,127.68,24.93,5.75,3.57,2.11
2022/02/02T14:56:18z,84:f3:eb:7d:7:a8,6.01,2.0+OPENLOG+15552 MB+DS3231+BME280+PMSX003-B+PMSX003-A,23,37,0,1002.06,0.05,36568,0,961,2.25,3.71,4.00,2.25,3.71,4.00,15,15,414.61,121.64,22.93,2.10,0.00,0.00,2.64,6.29,7.73,2.64,6.29,7.73,26,26,528.48,146.57,37.38,5.46,1.39,0.00
2022/02/02T14:58:18z,84:f3:eb:7d:7:a8,6.01,2.0+OPENLOG+15552 MB+DS3231+BME280+PMSX003-B+PMSX003-A,23,36,0,1002.10,0.05,36504,0,1081,1.41,3.33,4.91,1.41,3.33,4.91,14,14,393.36,109.17,20.59,4.17,0.86,0.00,1.59,3.86,5.19,1.59,3.86,5.19,16,16,415.66,119.97,23.47,4.10,1.24,0.52
2022/02/02T15:00:18z,84:f3:eb:7d:7:a8,6.01,2.0+OPENLOG+15552 MB+DS3231+BME280+PMSX003-B+PMSX003-A,23,37,0,1002.11,0.05,36504,0,1201,2.59,4.30,5.09,2.59,4.30,5.09,18,18,487.50,134.79,27.41,1.46,0.54,0.04,1.67,4.27,6.23,1.67,4.27,6.23,18,18,439.75,122.78,23.32,6.23,2.20,0.60
2022/02/02T15:02:19z,84:f3:eb:7d:7:a8,6.01,2.0+OPENLOG+15552 MB+DS3231+BME280+PMSX003-B+PMSX003-A,23,37,0,1002.19,nan,36656,0,120,1.05,3.52,4.40,1.05,3.52,4.40,15,15,382.86,108.24,23.31,2.43,0.57,0.52,1.55,3.70,6.55,1.55,3.70,6.55,15,15,436.95,123.62,28.70,4.15,2.65,1.90
2022/02/02T15:04:19z,84:f3:eb:7d:7:a8,6.01,2.0+OPENLOG+15552 MB+DS3231+BME280+PMSX003-B+PMSX003-A,22,36,0,1002.22,0.05,36504,0,240,1.30,3.75,5.57,1.30,3.75,5.57,16,16,373.55,102.77,30.98,4.04,1.36,0.00,1.73,3.65,4.62,1.73,3.65,4.62,15,15,449.35,127.07,24.05,1.70,0.93,0.57
2022/02/02T15:06:19z,84:f3:eb:7d:7:a8,6.01,2.0+OPENLOG+15552 MB+DS3231+BME280+PMSX003-B+PMSX003-A,22,36,0,1002.24,0.05,36504,0,360,2.43,3.83,5.03,2.43,3.83,5.03,16,16,416.48,119.43,22.84,1.72,0.83,0.83,2.40,5.02,8.05,2.40,5.02,8.05,21,21,456.68,132.11,27.46,7.26,2.56,2.46
2022/02/02T15:08:19z,84:f3:eb:7d:7:a8,6.01,2.0+OPENLOG+15552 MB+DS3231+BME280+PMSX003-B+PMSX003-A,23,36,0,1002.31,0.05,36504,0,480,1.07,2.91,3.86,1.07,2.91,3.86,12,12,342.67,102.43,22.91,2.24,0.90,0.17,1.73,4.68,5.45,1.73,4.68,5.45,19,19,399.48,114.96,25.82,5.07,1.04,0.32
2022/02/02T15:10:19z,84:f3:eb:7d:7:a8,6.01,2.0+OPENLOG+15552 MB+DS3231+BME280+PMSX003-B+PMSX003-A,23,36,0,1002.36,0.05,36504,0,600,1.36,3.11,4.86,1.36,3.11,4.86,13,13,387.86,107.16,21.12,3.00,1.93,0.75,1.29,3.78,4.29,1.29,3.78,4.29,16,16,371.74,108.86,22.31,2.97,0.55,0.55
2022/02/02T15:12:19z,84:f3:eb:7d:7:a8,6.01,2.0+OPENLOG+15552 MB+DS3231+BME280+PMSX003-B+PMSX003-A,23,36,0,1002.38,0.05,36504,0,720,1.18,4.24,6.15,1.18,4.24,6.15,18,18,373.53,104.29,30.16,3.93,1.45,1.24,1.93,5.86,8.05,1.93,5.86,8.05,24,24,453.42,138.14,31.02,8.44,2.32,0.42
2022/02/02T15:14:19z,84:f3:eb:7d:7:a8,6.01,2.0+OPENLOG+15552 MB+DS3231+BME280+PMSX003-B+PMSX003-A,23,36,0,1002.42,0.05,36504,0,840,1.54,3.80,5.07,1.54,3.80,5.07,16,16,399.48,111.91,20.64,3.61,1.07,0.61,1.64,4.45,7.45,1.64,4.45,7.45,19,19,428.09,125.71,30.41,6.21,3.00,1.43
2022/02/02T15:16:19z,84:f3:eb:7d:7:a8,6.01,2.0+OPENLOG+15552 MB+DS3231+BME280+PMSX003-B+PMSX003-A,23,36,0,1002.44,0.05,36504,0,960,1.17,2.71,4.57,1.17,2.71,4.57,11,11,373.81,101.98,21.48,3.62,0.97,0.17,1.48,3.30,6.56,1.48,3.30,6.56,14,14,420.06,120.46,24.69,6.67,3.48,1.63
2022/02/02T15:18:19z,84:f3:eb:7d:7:a8,6.01,2.0+OPENLOG+15552 MB+DS3231+BME280+PMSX003-B+PMSX003-A,24,36,1,1002.45,0.05,36320,0,1080,2.12,4.00,5.79,2.12,4.00,5.79,17,17,440.58,121.39,26.77,4.07,1.51,1.09,1.39,3.75,7.41,1.39,3.75,7.41,16,16,448.45,129.16,25.29,6.77,3.86,1.39
2022/02/02T15:20:19z,84:f3:eb:7d:7:a8,6.01,2.0+OPENLOG+15552 MB+DS3231+BME280+PMSX003-B+PMSX003-A,23,36,0,1002.51,0.05,36504,0,1200,1.58,3.73,5.82,1.58,3.73,5.82,16,16,433.64,117.16,27.69,3.20,1.67,0.40,1.72,4.65,6.75,1.72,4.65,6.75,19,19,466.74,140.05,27.81,5.44,2.21,0.81
2022/02/02T15:22:21z,84:f3:eb:7d:7:a8,6.01,2.0+OPENLOG+15552 MB+DS3231+BME280+PMSX003-B+PMSX003-A,24,36,1,1002.50,nan,36656,0,120,1.48,3.83,4.26,1.48,3.83,4.26,16,16,379.36,108.67,19.93,3.05,0.38,0.10,1.07,2.90,4.24,1.07,2.90,4.24,12,12,359.63,105.63,19.41,2.78,1.27,0.78
2022/02/02T15:24:21z,84:f3:eb:7d:7:a8,6.01,2.0+OPENLOG+15552 MB+DS3231+BME280+PMSX003-B+PMSX003-A,22,36,0,1002.60,0.05,36568,0,240,2.24,3.80,5.49,2.24,3.80,5.49,16,16,428.24,126.58,22.65,2.15,1.42,0.87,1.73,4.71,7.81,1.73,4.71,7.81,20,20,453.25,133.83,28.05,6.58,2.88,1.22
2022/02/02T15:26:21z,84:f3:eb:7d:7:a8,6.01,2.0+OPENLOG+15552 MB+DS3231+BME280+PMSX003-B+PMSX003-A,23,37,0,1002.60,0.05,36568,0,360,2.02,4.22,4.92,2.02,4.22,4.92,18,18,455.34,123.17,21.32,3.46,0.81,0.00,1.91,4.07,6.46,1.91,4.07,6.46,17,17,408.26,121.74,29.30,4.14,1.93,1.72
2022/02/02T15:28:21z,84:f3:eb:7d:7:a8,6.01,2.0+OPENLOG+15552 MB+DS3231+BME280+PMSX003-B+PMSX003-A,23,36,0,1002.59,0.05,36568,0,480,1.68,3.97,4.46,1.68,3.97,4.46,17,17,402.46,116.85,24.27,3.49,0.00,0.00,1.68,3.89,4.71,1.68,3.89,4.71,16,16,433.07,125.55,21.70,3.46,0.89,0.07
2022/02/02T15:30:21z,84:f3:eb:7d:7:a8,6.01,2.0+OPENLOG+15552 MB+DS3231+BME280+PMSX003-B+PMSX003-A,22,37,0,1002.69,0.05,36568,0,600,2.95,4.51,5.72,2.95,4.51,5.72,19,19,513.95,142.95,24.51,2.42,0.88,0.00,1.49,4.17,6.14,1.49,4.17,6.14,17,17,448.58,129.42,27.49,4.03,1.93,1.36
2022/02/02T15:32:21z,84:f3:eb:7d:7:a8,6.01,2.0+OPENLOG+15552 MB+DS3231+BME280+PMSX003-B+PMSX003-A,21,37,-1,1002.62,0.05,36568,0,720,2.62,4.79,5.55,2.62,4.79,5.55,20,20,472.50,131.80,26.61,2.93,0.54,0.54,1.83,4.64,5.05,1.83,4.64,5.05,19,19,469.29,135.05,28.67,2.31,0.52,0.00
2022/02/02T15:34:21z,84:f3:eb:7d:7:a8,6.01,2.0+OPENLOG+15552 MB+DS3231+BME280+PMSX003-B+PMSX003-A,22,37,0,1002.57,0.05,36504,0,840,1.83,3.60,5.69,1.83,3.60,5.69,15,15,408.26,115.41,23.67,3.59,1.41,1.41,1.61,4.14,7.39,1.61,4.14,7.39,17,17,387.95,112.19,27.16,6.63,3.05,1.96
2022/02/02T15:36:21z,84:f3:eb:7d:7:a8,6.01,2.0+OPENLOG+15552 MB+DS3231+BME280+PMSX003-B+PMSX003-A,22,37,0,1002.59,0.05,36504,0,960,0.83,2.78,3.75,0.83,2.78,3.75,12,12,328.02,89.41,20.54,3.73,0.64,0.64,1.38,3.62,5.67,1.38,3.62,5.67,15,15,352.36,104.85,20.93,5.16,2.55,0.33
2022/02/02T15:38:21z,84:f3:eb:7d:7:a8,6.01,2.0+OPENLOG+15552 MB+DS3231+BME280+PMSX003-B+PMSX003-A,23,37,0,1002.63,0.05,36320,0,1080,1.09,3.28,4.60,1.09,3.28,4.60,14,14,376.71,105.90,22.71,2.69,0.48,0.48,0.96,3.91,6.21,0.96,3.91,6.21,16,16,335.05,101.19,28.26,5.68,2.49,1.19
2022/02/02T15:40:21z,84:f3:eb:7d:7:a8,6.01,2.0+OPENLOG+15552 MB+DS3231+BME280+PMSX003-B+PMSX003-A,23,37,0,1002.57,0.05,36504,0,1200,1.42,4.18,6.44,1.42,4.18,6.44,17,17,410.95,112.33,29.84,3.75,2.04,0.84,1.18,3.30,4.07,1.18,3.30,4.07,14,14,356.68,105.37,22.46,3.19,0.84,0.49
2022/02/02T15:42:22z,84:f3:eb:7d:7:a8,6.01,2.0+OPENLOG+15552 MB+DS3231+BME280+PMSX003-B+PMSX003-A,23,36,0,1002.58,nan,36656,0,120,1.48,3.62,5.45,1.48,3.62,5.45,15,15,408.43,107.05,20.31,5.62,1.24,0.67,1.51,3.69,6.15,1.51,3.69,6.15,15,15,409.23,119.92,24.74,4.97,2.46,1.08
2022/02/02T15:44:22z,84:f3:eb:7d:7:a8,6.01,2.0+OPENLOG+15552 MB+DS3231+BME280+PMSX003-B+PMSX003-A,23,36,0,1002.66,0.05,36568,0,240,1.54,3.71,4.91,1.54,3.71,4.91,15,15,415.98,108.54,22.95,3.68,0.36,0.36,2.04,4.35,5.67,2.04,4.35,5.67,18,18,467.21,135.72,27.54,3.56,1.37,0.53
2022/02/02T15:46:22z,84:f3:eb:7d:7:a8,6.01,2.0+OPENLOG+15552 MB+DS3231+BME280+PMSX003-B+PMSX003-A,23,36,0,1002.72,0.05,36384,0,360,1.42,3.56,5.51,1.42,3.56,5.51,15,15,385.32,108.59,21.73,3.66,2.31,0.51,1.44,3.98,6.82,1.44,3.98,6.82,17,17,420.93,121.85,31.07,5.44,2.76,1.35
2022/02/02T15:48:22z,84:f3:eb:7d:7:a8,6.01,2.0+OPENLOG+15552 MB+DS3231+BME280+PMSX003-B+PMSX003-A,24,37,1,1002.70,0.05,36568,0,480,1.78,3.02,4.02,1.78,3.02,4.02,13,13,384.41,108.27,22.66,1.86,0.00,0.00,1.56,4.45,5.95,1.56,4.45,5.95,19,19,418.15,122.60,27.80,4.51,1.78,1.05
2022/02/02T15:50:22z,84:f3:eb:7d:7:a8,6.01,2.0+OPENLOG+15552 MB+DS3231+BME280+PMSX003-B+PMSX003-A,23,36,0,1002.71,0.05,36568,0,600,2.37,3.77,4.56,2.37,3.77,4.56,16,16,418.74,118.47,16.93,2.07,0.56,0.46,1.41,3.73,6.55,1.41,3.73,6.55,16,16,445.71,129.46,25.50,5.71,2.46,1.50
2022/02/02T15:52:22z,84:f3:eb:7d:7:a8,6.01,2.0+OPENLOG+15552 MB+DS3231+BME280+PMSX003-B+PMSX003-A,23,36,0,1002.71,0.05,36256,0,720,2.31,4.98,5.93,2.31,4.98,5.93,21,21,488.78,136.82,28.38,3.31,0.91,0.47,1.16,3.40,6.04,1.16,3.40,6.04,14,14,391.63,111.81,26.68,4.00,2.46,1.79
2022/02/02T15:54:22z,84:f3:eb:7d:7:a8,6.01,2.0+OPENLOG+15552 MB+DS3231+BME280+PMSX003-B+PMSX003-A,22,36,0,1002.69,0.05,36568,0,840,2.17,4.40,6.55,2.17,4.40,6.55,18,18,486.00,135.53,23.81,5.07,2.34,0.41,1.75,4.82,6.93,1.75,4.82,6.93,20,20,469.98,134.86,30.07,5.00,1.75,1.46
2022/02/02T15:56:22z,84:f3:eb:7d:7:a8,6.01,2.0+OPENLOG+15552 MB+DS3231+BME280+PMSX003-B+PMSX003-A,23,36,0,1002.66,0.05,36568,0,960,2.60,4.36,5.38,2.60,4.36,5.38,18,18,510.16,134.47,21.83,2.66,0.79,0.45,2.26,4.33,5.67,2.26,4.33,5.67,18,18,445.44,129.76,24.83,3.37,1.44,0.56
2022/02/02T15:58:22z,84:f3:eb:7d:7:a8,6.01,2.0+OPENLOG+15552 MB+DS3231+BME280+PMSX003-B+PMSX003-A,22,36,0,1002.71,0.05,36568,0,1080,2.04,4.19,5.19,2.04,4.19,5.19,17,17,457.37,125.25,30.39,2.63,0.42,0.42,2.09,4.61,7.66,2.09,4.61,7.66,19,19,455.62,131.70,29.30,7.39,3.46,1.14
2022/02/02T16:00:22z,84:f3:eb:7d:7:a8,6.01,2.0+OPENLOG+15552 MB+DS3231+BME280+PMSX003-B+PMSX003-A,23,36,0,1002.71,0.05,36504,0,1200,1.62,3.18,4.42,1.62,3.18,4.42,13,13,394.42,104.85,24.20,2.80,0.91,0.44,1.19,3.60,4.28,1.19,3.60,4.28,15,15,423.68,114.74,24.21,2.74,0.84,0.35
2022/02/02T16:02:23z,84:f3:eb:7d:7:a8,6.01,2.0+OPENLOG+15552 MB+DS3231+BME280+PMSX003-B+PMSX003-A,23,36,0,1002.70,nan,36656,0,120,1.00,2.86,4.05,1.00,2.86,4.05,12,12,353.86,95.67,19.71,3.14,1.19,0.48,1.29,4.00,4.41,1.29,4.00,4.41,17,17,419.85,116.88,23.88,4.44,0.00,0.00
2022/02/02T16:04:23z,84:f3:eb:7d:7:a8,6.01,2.0+OPENLOG+15552 MB+DS3231+BME280+PMSX003-B+PMSX003-A,23,36,0,1002.68,0.05,36568,0,240,1.20,3.24,6.45,1.20,3.24,6.45,13,13,405.22,111.07,24.62,5.02,2.76,1.42,1.95,4.05,7.92,1.95,4.05,7.92,17,17,472.68,134.46,26.44,7.08,3.53,2.17
2022/02/02T16:06:23z,84:f3:eb:7d:7:a8,6.01,2.0+OPENLOG+15552 MB+DS3231+BME280+PMSX003-B+PMSX003-A,23,36,0,1002.67,0.05,36568,0,360,2.02,3.60,4.00,2.02,3.60,4.00,15,15,411.10,120.28,18.31,0.97,0.48,0.00,1.30,3.44,5.23,1.30,3.44,5.23,14,14,401.74,116.32,22.44,4.60,2.11,0.14
2022/02/02T16:08:23z,84:f3:eb:7d:7:a8,6.01,2.0+OPENLOG+15552 MB+DS3231+BME280+PMSX003-B+PMSX003-A,24,36,0,1002.70,0.05,36568,0,480,1.78,3.98,5.91,1.78,3.98,5.91,17,17,435.10,123.28,27.24,4.24,1.83,0.59,1.40,4.45,5.85,1.40,4.45,5.85,19,19,444.33,124.31,29.89,4.95,1.35,0.69
2022/02/02T16:10:23z,84:f3:eb:7d:7:a8,6.01,2.0+OPENLOG+15552 MB+DS3231+BME280+PMSX003-B+PMSX003-A,24,36,1,1002.70,0.05,36568,0,600,2.32,5.04,7.98,2.32,5.04,7.98,21,21,485.20,135.88,33.52,6.86,2.75,1.11,1.62,4.95,5.67,1.62,4.95,5.67,21,21,442.55,129.43,32.60,6.03,0.52,0.17
2022/02/02T16:12:23z,84:f3:eb:7d:7:a8,6.01,2.0+OPENLOG+15552 MB+DS3231+BME280+PMSX003-B+PMSX003-A,24,36,0,1002.63,0.05,36504,0,720,3.04,5.80,7.15,3.04,5.80,7.15,24,24,525.55,153.27,37.58,3.53,1.13,0.00,1.51,3.63,9.19,1.51,3.63,9.19,15,15,435.41,125.86,26.95,8.86,5.49,2.58
2022/02/02T16:14:23z,84:f3:eb:7d:7:a8,6.01,2.0+OPENLOG+15552 MB+DS3231+BME280+PMSX003-B+PMSX003-A,24,35,0,1002.50,0.05,36504,0,840,1.00,2.66,5.16,1.00,2.66,5.16,11,11,382.09,103.91,20.29,2.72,2.45,1.66,1.23,2.56,5.09,1.23,2.56,5.09,11,11,385.63,109.82,23.39,3.05,2.74,0.74
2022/02/02T16:16:23z,84:f3:eb:7d:7:a8,6.01,2.0+OPENLOG+15552 MB+DS3231+BME280+PMSX003-B+PMSX003-A,24,35,0,1002.50,0.05,36504,0,960,1.47,3.76,5.22,1.47,3.76,5.22,16,16,392.29,113.32,20.95,3.46,1.22,1.22,1.45,3.09,6.64,1.45,3.09,6.64,13,13,388.61,116.73,28.30,6.36,3.61,0.96
2022/02/02T16:18:23z,84:f3:eb:7d:7:a8,6.01,2.0+OPENLOG+15552 MB+DS3231+BME280+PMSX003-B+PMSX003-A,24,35,0,1002.58,0.05,36504,0,1080,1.80,3.98,4.57,1.80,3.98,4.57,17,17,425.52,121.30,23.11,2.07,0.25,0.25,1.58,4.12,6.23,1.58,4.12,6.23,17,17,443.42,127.98,27.51,4.84,1.51,0.98
2022/02/02T16:20:23z,84:f3:eb:7d:7:a8,6.01,2.0+OPENLOG+15552 MB+DS3231+BME280+PMSX003-B+PMSX003-A,24,35,0,1002.71,0.05,36504,0,1200,1.89,3.98,4.82,1.89,3.98,4.82,17,17,384.49,113.87,22.65,3.38,0.55,0.00,1.26,4.04,6.21,1.26,4.04,6.21,17,17,416.63,124.89,24.65,5.09,2.46,1.19
2022/02/02T16:22:23z,84:f3:eb:7d:7:a8,6.01,2.0+OPENLOG+15552 MB+DS3231+BME280+PMSX003-B+PMSX003-A,24,35,0,1002.70,nan,36656,0,120,1.57,4.98,5.21,1.57,4.98,5.21,21,21,445.93,124.98,30.05,2.67,0.00,0.00,1.92,3.90,4.92,1.92,3.90,4.92,16,16,438.31,127.51,18.18,3.03,0.72,0.72
2022/02/02T16:24:23z,84:f3:eb:7d:7:a8,6.01,2.0+OPENLOG+15552 MB+DS3231+BME280+PMSX003-B+PMSX003-A,24,35,0,1002.68,0.05,36568,0,240,1.16,3.38,4.91,1.16,3.38,4.91,14,14,413.89,116.65,25.16,2.87,1.78,0.51,1.28,3.33,5.65,1.28,3.33,5.65,14,14,385.79,113.18,23.70,4.28,2.32,1.05
2022/02/02T16:26:23z,84:f3:eb:7d:7:a8,6.01,2.0+OPENLOG+15552 MB+DS3231+BME280+PMSX003-B+PMSX003-A,24,35,0,1002.60,0.05,36568,0,360,0.95,2.78,3.88,0.95,2.78,3.88,12,12,365.07,98.76,19.83,3.48,0.59,0.00,1.20,3.18,5.96,1.20,3.18,5.96,13,13,389.62,108.25,22.36,6.18,2.50,1.71
2022/02/02T16:28:23z,84:f3:eb:7d:7:a8,6.01,2.0+OPENLOG+15552 MB+DS3231+BME280+PMSX003-B+PMSX003-A,24,35,0,1002.63,0.05,36504,0,480,1.61,3.89,5.42,1.61,3.89,5.42,16,16,437.63,123.30,20.40,4.70,1.30,0.28,1.82,5.32,6.96,1.82,5.32,6.96,22,22,456.64,129.91,30.21,6.82,1.86,0.46
2022/02/02T16:30:23z,84:f3:eb:7d:7:a8,6.01,2.0+OPENLOG+15552 MB+DS3231+BME280+PMSX003-B+PMSX003-A,24,35,0,1002.73,0.05,36504,0,600,1.02,2.00,2.88,1.02,2.00,2.88,8,8,343.55,93.30,13.89,1.71,0.75,0.14,1.17,3.40,5.33,1.17,3.40,5.33,14,14,369.21,105.53,25.14,5.22,2.07,0.34
2022/02/02T16:32:23z,84:f3:eb:7d:7:a8,6.01,2.0+OPENLOG+15552 MB+DS3231+BME280+PMSX003-B+PMSX003-A,23,35,0,1002.80,0.05,36504,0,720,1.93,3.40,3.72,1.93,3.40,3.72,14,14,426.26,123.11,21.05,1.19,0.35,0.00,2.14,4.22,6.79,2.14,4.22,6.79,18,18,460.03,131.60,27.21,3.90,2.72,0.97
2022/02/02T16:34:23z,84:f3:eb:7d:7:a8,6.01,2.0+OPENLOG+15552 MB+DS3231+BME280+PMSX003-B+PMSX003-A,24,35,0,1002.71,0.05,36504,0,840,1.81,3.88,4.40,1.81,3.88,4.40,16,16,454.45,126.69,19.45,3.59,0.34,0.00,1.96,4.88,8.02,1.96,4.88,8.02,20,20,510.84,143.25,32.21,6.04,2.81,1.58
2022/02/02T16:36:23z,84:f3:eb:7d:7:a8,6.01,2.0+OPENLOG+15552 MB+DS3231+BME280+PMSX003-B+PMSX003-A,25,35,1,1002.60,0.05,36504,0,960,2.00,4.40,5.81,2.00,4.40,5.81,18,18,497.17,135.24,26.84,3.83,0.90,0.34,1.98,4.55,5.78,1.98,4.55,5.78,19,19,492.49,140.42,30.00,3.71,0.87,0.00
2022/02/02T16:38:23z,84:f3:eb:7d:7:a8,6.01,2.0+OPENLOG+15552 MB+DS3231+BME280+PMSX003-B+PMSX003-A,25,34,1,1002.61,0.05,36504,0,1080,1.54,3.18,4.96,1.54,3.18,4.96,13,13,433.21,123.00,21.44,2.81,1.54,0.63,1.44,4.11,6.89,1.44,4.11,6.89,17,17,461.37,130.09,25.84,6.04,2.77,0.84
2022/02/02T16:40:23z,84:f3:eb:7d:7:a8,6.01,2.0+OPENLOG+15552 MB+DS3231+BME280+PMSX003-B+PMSX003-A,25,34,0,1002.71,0.05,36504,0,1200,1.47,3.40,4.13,1.47,3.40,4.13,14,14,410.45,116.98,23.36,3.35,0.55,0.04,1.46,3.07,4.16,1.46,3.07,4.16,13,13,416.05,121.68,21.77,2.49,1.16,0.67
2022/02/02T16:42:25z,84:f3:eb:7d:7:a8,6.01,2.0+OPENLOG+15552 MB+DS3231+BME280+PMSX003-B+PMSX003-A,25,34,1,1002.91,nan,36656,0,121,2.34,4.66,6.46,2.34,4.66,6.46,19,19,564.95,155.71,27.05,3.22,1.32,1.12,2.29,4.46,6.44,2.29,4.46,6.44,19,19,529.02,154.68,25.41,2.68,1.71,1.12
2022/02/02T16:44:25z,84:f3:eb:7d:7:a8,6.01,2.0+OPENLOG+15552 MB+DS3231+BME280+PMSX003-B+PMSX003-A,25,34,0,1002.96,0.05,36568,0,241,1.32,4.39,5.86,1.32,4.39,5.86,18,18,434.36,118.79,27.02,5.18,1.43,0.50,1.53,4.69,7.00,1.53,4.69,7.00,20,20,436.63,129.44,26.69,5.85,1.97,1.53
2022/02/02T16:46:25z,84:f3:eb:7d:7:a8,6.01,2.0+OPENLOG+15552 MB+DS3231+BME280+PMSX003-B+PMSX003-A,25,34,0,1003.05,0.05,36568,0,361,1.53,3.62,4.74,1.53,3.62,4.74,15,15,427.71,120.69,22.74,3.52,1.48,0.14,1.73,4.68,7.31,1.73,4.68,7.31,19,19,484.22,143.46,29.20,5.90,2.85,0.54
2022/02/02T16:48:25z,84:f3:eb:7d:7:a8,6.01,2.0+OPENLOG+15552 MB+DS3231+BME280+PMSX003-B+PMSX003-A,24,34,0,1003.10,0.05,36568,0,481,0.97,2.91,3.84,0.97,2.91,3.84,12,12,368.28,104.60,23.83,2.97,0.48,0.48,1.38,2.96,5.09,1.38,2.96,5.09,12,12,400.45,113.73,23.38,3.64,1.93,1.50
2022/02/02T16:50:25z,84:f3:eb:7d:7:a8,6.01,2.0+OPENLOG+15552 MB+DS3231+BME280+PMSX003-B+PMSX003-A,25,34,0,1003.18,0.05,36504,0,601,1.56,4.40,5.32,1.56,4.40,5.32,18,18,489.53,135.51,25.54,4.91,0.70,0.28,1.91,4.88,7.41,1.91,4.88,7.41,20,20,481.60,142.40,31.16,6.19,2.72,1.34
2022/02/02T16:52:25z,84:f3:eb:7d:7:a8,6.01,2.0+OPENLOG+15552 MB+DS3231+BME280+PMSX003-B+PMSX003-A,26,34,1,1003.25,0.05,36504,0,721,1.71,3.84,4.91,1.71,3.84,4.91,16,16,460.47,131.84,30.58,2.62,0.69,0.22,1.47,4.14,6.65,1.47,4.14,6.65,17,17,434.16,123.11,27.58,7.98,2.18,0.84
2022/02/02T16:54:25z,84:f3:eb:7d:7:a8,6.01,2.0+OPENLOG+15552 MB+DS3231+BME280+PMSX003-B+PMSX003-A,25,33,0,1003.06,0.05,36504,0,841,1.55,3.54,5.50,1.55,3.54,5.50,15,15,480.64,132.70,21.61,4.50,1.54,0.68,1.41,2.89,3.98,1.41,2.89,3.98,12,12,394.29,111.18,19.80,2.07,1.07,0.32
2022/02/02T16:56:25z,84:f3:eb:7d:7:a8,6.01,2.0+OPENLOG+15552 MB+DS3231+BME280+PMSX003-B+PMSX003-A,25,33,0,1003.12,0.05,36504,0,961,1.26,2.57,4.52,1.26,2.57,4.52,11,11,375.93,111.40,19.71,3.59,1.34,0.59,2.22,5.05,6.60,2.22,5.05,6.60,21,21,487.96,146.00,31.67,2.76,1.71,0.51
2022/02/02T16:58:25z,84:f3:eb:7d:7:a8,6.01,2.0+OPENLOG+15552 MB+DS3231+BME280+PMSX003-B+PMSX003-A,26,34,1,1003.09,0.05,36504,0,1081,1.00,2.53,2.81,1.00,2.53,2.81,11,11,386.11,104.95,19.09,2.46,0.39,0.00,0.90,2.76,3.67,0.90,2.76,3.67,11,11,379.24,100.84,20.16,2.55,0.83,0.34
2022/02/02T17:00:25z,84:f3:eb:7d:7:a8,6.01,2.0+OPENLOG+15552 MB+DS3231+BME280+PMSX003-B+PMSX003-A,26,33,1,1003.06,0.05,36504,0,1201,1.27,3.65,5.91,1.27,3.65,5.91,15,15,420.38,115.18,28.05,5.64,1.05,0.00,1.57,4.50,7.07,1.57,4.50,7.07,19,19,453.47,127.43,25.83,5.28,2.72,0.52
2022/02/02T17:02:26z,84:f3:eb:7d:7:a8,6.01,2.0+OPENLOG+15552 MB+DS3231+BME280+PMSX003-B+PMSX003-A,26,33,0,1003.03,nan,36344,0,120,0.81,2.58,3.21,0.81,2.58,3.21,11,11,318.91,89.70,24.33,3.49,0.47,0.00,0.98,2.63,4.88,0.98,2.63,4.88,11,11,401.49,107.32,19.76,4.78,2.54,0.00
2022/02/02T17:04:26z,84:f3:eb:7d:7:a8,6.01,2.0+OPENLOG+15552 MB+DS3231+BME280+PMSX003-B+PMSX003-A,25,33,0,1002.93,0.05,36568,0,240,1.40,3.04,5.45,1.40,3.04,5.45,13,13,424.69,119.04,25.04,3.16,2.29,0.84,1.25,3.85,5.27,1.25,3.85,5.27,16,16,419.35,119.25,27.38,3.93,1.23,0.90
2022/02/02T17:06:26z,84:f3:eb:7d:7:a8,6.01,2.0+OPENLOG+15552 MB+DS3231+BME280+PMSX003-B+PMSX003-A,26,33,1,1002.90,0.05,36384,0,360,1.19,2.98,4.82,1.19,2.98,4.82,12,12,413.11,113.93,24.16,2.91,1.61,0.46,1.39,3.38,5.52,1.39,3.38,5.52,14,14,409.55,116.73,23.18,4.50,1.89,0.93
2022/02/02T17:08:26z,84:f3:eb:7d:7:a8,6.01,2.0+OPENLOG+15552 MB+DS3231+BME280+PMSX003-B+PMSX003-A,25,33,0,1002.84,0.05,36192,0,480,1.61,3.81,5.10,1.61,3.81,5.10,16,16,448.88,121.64,27.41,4.17,0.98,0.54,1.23,4.02,5.70,1.23,4.02,5.70,17,17,413.46,122.36,26.16,4.89,1.54,0.96
2022/02/02T17:10:26z,84:f3:eb:7d:7:a8,6.01,2.0+OPENLOG+15552 MB+DS3231+BME280+PMSX003-B+PMSX003-A,25,33,0,1002.86,0.05,36504,0,600,1.02,3.14,3.91,1.02,3.14,3.91,13,13,366.72,102.14,26.57,1.72,0.59,0.59,1.34,3.11,4.89,1.34,3.11,4.89,13,13,378.80,110.95,22.34,3.50,1.86,0.61
2022/02/02T17:12:26z,84:f3:eb:7d:7:a8,6.01,2.0+OPENLOG+15552 MB+DS3231+BME280+PMSX003-B+PMSX003-A,25,33,0,1002.88,0.05,36504,0,720,1.22,2.33,3.33,1.22,2.33,3.33,10,10,401.73,106.05,17.96,2.29,0.58,0.22,1.76,4.34,5.53,1.76,4.34,5.53,18,18,489.97,139.20,25.25,4.31,1.22,0.44
2022/02/02T17:14:26z,84:f3:eb:7d:7:a8,6.01,2.0+OPENLOG+15552 MB+DS3231+BME280+PMSX003-B+PMSX003-A,25,33,0,1002.89,0.05,36504,0,840,1.70,4.23,5.46,1.70,4.23,5.46,18,18,473.42,130.72,26.58,4.18,1.09,0.70,1.58,3.05,4.74,1.58,3.05,4.74,13,13,422.26,120.21,20.56,3.37,1.79,0.70
2022/02/02T17:16:26z,84:f3:eb:7d:7:a8,6.01,2.0+OPENLOG+15552 MB+DS3231+BME280+PMSX003-B+PMSX003-A,25,33,0,1003.03,0.05,36504,0,960,1.31,2.78,5.81,1.31,2.78,5.81,12,12,391.66,112.10,23.74,5.34,2.48,0.48,1.28,3.62,4.97,1.28,3.62,4.97,15,15,418.29,121.83,23.57,4.10,1.31,0.38
2022/02/02T17:18:26z,84:f3:eb:7d:7:a8,6.01,2.0+OPENLOG+15552 MB+DS3231+BME280+PMSX003-B+PMSX003-A,26,33,1,1003.01,0.05,36504,0,1080,1.39,3.44,4.11,1.39,3.44,4.11,14,14,403.42,121.44,20.98,2.95,0.39,0.00,1.11,3.86,6.04,1.11,3.86,6.04,16,16,416.11,119.05,25.18,5.30,2.32,0.81
2022/02/02T17:20:26z,84:f3:eb:7d:7:a8,6.01,2.0+OPENLOG+15552 MB+DS3231+BME280+PMSX003-B+PMSX003-A,27,33,2,1002.99,0.05,36504,0,1200,2.09,5.75,6.51,2.09,5.75,6.51,24,24,493.96,143.84,32.18,5.67,0.69,0.00,1.00,2.91,4.60,1.00,2.91,4.60,12,12,329.00,99.37,21.37,4.98,1.47,0.95
2022/02/02T17:22:27z,84:f3:eb:7d:7:a8,6.01,2.0+OPENLOG+15552 MB+DS3231+BME280+PMSX003-B+PMSX003-A,25,33,0,1002.94,nan,36656,0,121,1.57,2.69,3.02,1.57,2.69,3.02,11,11,408.93,112.50,17.64,0.38,0.38,0.38,1.38,4.74,6.49,1.38,4.74,6.49,20,20,436.15,123.90,32.18,7.38,1.69,0.72
2022/02/02T17:24:27z,84:f3:eb:7d:7:a8,6.01,2.0+OPENLOG+15552 MB+DS3231+BME280+PMSX003-B+PMSX003-A,26,33,1,1002.86,0.05,36568,0,241,1.25,3.29,4.96,1.25,3.29,4.96,14,14,385.66,111.02,23.00,4.29,1.00,1.00,1.33,4.14,6.10,1.33,4.14,6.10,17,17,433.76,123.41,23.72,6.10,2.14,0.79
2022/02/02T17:26:27z,84:f3:eb:7d:7:a8,6.01,2.0+OPENLOG+15552 MB+DS3231+BME280+PMSX003-B+PMSX003-A,26,33,0,1002.80,0.05,36568,0,361,1.43,3.07,4.55,1.43,3.07,4.55,13,13,432.62,116.91,20.78,3.34,1.66,0.45,1.76,5.00,7.55,1.76,5.00,7.55,21,21,455.48,129.69,33.64,7.59,2.31,1.34
2022/02/02T17:28:27z,84:f3:eb:7d:7:a8,6.01,2.0+OPENLOG+15552 MB+DS3231+BME280+PMSX003-B+PMSX003-A,27,33,1,1002.75,0.05,36568,0,481,1.45,3.50,4.88,1.45,3.50,4.88,15,15,449.95,120.78,27.64,3.21,0.86,0.00,1.65,4.25,8.07,1.65,4.25,8.07,18,18,427.32,126.72,24.53,8.11,3.89,1.72
2022/02/02T17:30:27z,84:f3:eb:7d:7:a8,6.01,2.0+OPENLOG+15552 MB+DS3231+BME280+PMSX003-B+PMSX003-A,27,33,1,1002.63,0.05,36568,0,601,1.89,4.25,5.68,1.89,4.25,5.68,18,18,466.93,130.96,27.20,5.71,0.32,0.00,1.50,3.38,6.69,1.50,3.38,6.69,14,14,414.47,119.43,26.07,5.79,3.62,0.66
2022/02/02T17:32:27z,84:f3:eb:7d:7:a8,6.01,2.0+OPENLOG+15552 MB+DS3231+BME280+PMSX003-B+PMSX003-A,26,33,0,1002.55,0.05,36568,0,721,1.98,4.91,6.09,1.98,4.91,6.09,20,20,518.24,146.25,32.55,3.64,0.98,0.98,2.12,4.35,8.68,2.12,4.35,8.68,18,18,494.16,143.96,28.04,7.65,4.77,1.23
2022/02/02T17:34:27z,84:f3:eb:7d:7:a8,6.01,2.0+OPENLOG+15552 MB+DS3231+BME280+PMSX003-B+PMSX003-A,27,33,1,1002.48,0.05,36568,0,841,1.80,3.80,5.08,1.80,3.80,5.08,16,16,459.05,130.63,24.69,3.63,0.98,0.00,1.63,3.35,5.46,1.63,3.35,5.46,14,14,419.42,121.21,24.86,3.82,2.00,0.53
2022/02/02T17:36:27z,84:f3:eb:7d:7:a8,6.01,2.0+OPENLOG+15552 MB+DS3231+BME280+PMSX003-B+PMSX003-A,27,32,1,1002.54,0.05,36568,0,961,1.18,2.74,5.42,1.18,2.74,5.42,11,11,403.26,107.74,19.33,5.44,2.32,1.16,1.96,4.42,6.86,1.96,4.42,6.86,18,18,482.47,141.61,26.23,5.33,2.39,0.77
2022/02/02T17:38:27z,84:f3:eb:7d:7:a8,6.01,2.0+OPENLOG+15552 MB+DS3231+BME280+PMSX003-B+PMSX003-A,25,32,0,1002.45,0.05,36568,0,1081,1.79,4.91,5.76,1.79,4.91,5.76,20,20,470.48,131.78,28.43,5.83,0.34,0.34,1.70,4.30,7.77,1.70,4.30,7.77,18,18,454.26,133.23,28.11,7.33,3.51,1.19
2022/02/02T17:40:27z,84:f3:eb:7d:7:a8,6.01,2.0+OPENLOG+15552 MB+DS3231+BME280+PMSX003-B+PMSX003-A,26,33,0,1002.45,0.05,36568,0,1201,1.27,1.98,2.75,1.27,1.98,2.75,8,8,402.16,108.51,16.11,1.96,1.02,0.51,1.61,4.11,9.14,1.61,4.11,9.14,17,17,467.84,138.88,30.63,7.16,4.81,1.68
2022/02/02T17:42:28z,84:f3:eb:7d:7:a8,6.01,2.0+OPENLOG+15552 MB+DS3231+BME280+PMSX003-B+PMSX003-A,26,33,0,1002.35,nan,36656,0,120,1.10,3.36,5.48,1.10,3.36,5.48,14,14,379.93,109.64,27.00,5.05,1.81,1.14,2.08,4.18,5.85,2.08,4.18,5.85,17,17,516.53,142.65,29.98,3.20,1.65,0.55
2022/02/02T17:44:28z,84:f3:eb:7d:7:a8,6.01,2.0+OPENLOG+15552 MB+DS3231+BME280+PMSX003-B+PMSX003-A,26,33,0,1002.33,0.05,36568,0,240,1.26,3.04,3.63,1.26,3.04,3.63,13,13,396.56,108.81,22.74,3.33,0.00,0.00,1.70,5.74,9.35,1.70,5.74,9.35,24,24,519.74,149.12,37.81,6.39,3.16,2.28
2022/02/02T17:46:28z,84:f3:eb:7d:7:a8,6.01,2.0+OPENLOG+15552 MB+DS3231+BME280+PMSX003-B+PMSX003-A,26,32,0,1001.89,0.05,36568,0,360,2.03,3.29,4.88,2.03,3.29,4.88,14,14,504.31,130.56,22.10,2.98,0.81,0.47,2.00,4.09,7.45,2.00,4.09,7.45,17,17,483.36,133.83,26.10,6.79,3.34,1.66
2022/02/02T17:48:28z,84:f3:eb:7d:7:a8,6.01,2.0+OPENLOG+15552 MB+DS3231+BME280+PMSX003-B+PMSX003-A,27,32,1,1002.12,0.05,36568,0,480,1.75,4.75,6.29,1.75,4.75,6.29,20,20,457.93,128.53,31.81,5.41,1.36,0.51,1.31,3.81,5.89,1.31,3.81,5.89,16,16,434.06,122.96,28.85,4.41,1.41,0.81
2022/02/02T17:50:28z,84:f3:eb:7d:7:a8,6.01,2.0+OPENLOG+15552 MB+DS3231+BME280+PMSX003-B+PMSX003-A,25,32,0,1002.04,0.05,36568,0,600,1.56,3.53,4.96,1.56,3.53,4.96,15,15,421.68,120.46,22.68,3.05,1.54,0.46,2.07,4.04,6.14,2.07,4.04,6.14,17,17,516.16,140.89,22.56,4.07,2.00,0.84
2022/02/02T17:52:27z,84:f3:eb:7d:7:a8,6.01,2.0+OPENLOG+15552 MB+DS3231+BME280+PMSX003-B+PMSX003-A,26,32,0,1002.14,0.05,36568,0,720,0.98,1.95,4.33,0.98,1.95,4.33,8,8,372.38,103.42,18.73,2.58,2.18,0.87,1.72,3.85,4.50,1.72,3.85,4.50,16,16,421.95,123.28,19.97,3.73,0.73,0.00
2022/02/02T17:54:27z,84:f3:eb:7d:7:a8,6.01,2.0+OPENLOG+15552 MB+DS3231+BME280+PMSX003-B+PMSX003-A,27,33,1,1002.07,0.05,36568,0,840,1.12,2.18,3.75,1.12,2.18,3.75,9,9,374.05,99.44,19.79,3.19,0.63,0.63,1.02,3.95,4.90,1.02,3.95,4.90,16,16,388.02,106.85,21.95,5.59,0.75,0.47
2022/02/02T17:56:27z,84:f3:eb:7d:7:a8,6.01,2.0+OPENLOG+15552 MB+DS3231+BME280+PMSX003-B+PMSX003-A,27,32,1,1002.25,0.05,36568,0,960,1.16,3.34,5.38,1.16,3.34,5.38,14,14,409.86,117.21,21.74,4.69,1.76,1.31,1.45,4.62,7.62,1.45,4.62,7.62,19,19,442.31,128.22,33.49,5.78,3.31,1.85
2022/02/02T17:58:27z,84:f3:eb:7d:7:a8,6.01,2.0+OPENLOG+15552 MB+DS3231+BME280+PMSX003-B+PMSX003-A,27,32,1,1002.23,0.05,36568,0,1080,1.80,4.25,6.14,1.80,4.25,6.14,18,18,452.08,129.58,32.03,3.63,1.73,1.19,1.38,4.57,7.88,1.38,4.57,7.88,19,19,416.74,118.50,34.98,7.40,2.97,2.17
2022/02/02T18:00:28z,84:f3:eb:7d:7:a8,6.01,2.0+OPENLOG+15552 MB+DS3231+BME280+PMSX003-B+PMSX003-A,26,31,0,1002.18,0.05,36568,0,1200,1.76,3.67,4.13,1.76,3.67,4.13,15,15,458.18,128.11,20.18,2.22,0.76,0.00,1.60,3.83,5.17,1.60,3.83,5.17,16,16,415.14,122.22,25.84,3.64,1.38,0.66
2022/02/02T18:02:28z,84:f3:eb:7d:7:a8,6.01,2.0+OPENLOG+15552 MB+DS3231+BME280+PMSX003-B+PMSX003-A,26,32,0,1002.16,nan,36656,0,120,1.35,3.49,4.42,1.35,3.49,4.42,15,15,403.67,115.42,20.60,3.16,1.12,0.56,1.05,2.47,4.22,1.05,2.47,4.22,10,10,368.17,106.70,20.98,2.75,2.05,0.05
2022/02/02T18:04:28z,84:f3:eb:7d:7:a8,6.01,2.0+OPENLOG+15552 MB+DS3231+BME280+PMSX003-B+PMSX003-A,27,32,1,1002.16,0.05,36568,0,240,1.28,2.37,4.63,1.28,2.37,4.63,10,10,396.00,110.09,20.09,4.52,2.37,0.00,1.14,2.07,3.56,1.14,2.07,3.56,9,9,347.47,98.42,14.93,2.91,1.61,0.49
2022/02/02T18:06:28z,84:f3:eb:7d:7:a8,6.01,2.0+OPENLOG+15552 MB+DS3231+BME280+PMSX003-B+PMSX003-A,27,32,1,1002.22,0.05,36568,0,360,1.42,3.46,5.36,1.42,3.46,5.36,14,14,406.68,115.31,22.58,3.80,2.20,1.12,1.70,4.80,7.41,1.70,4.80,7.41,20,20,472.88,133.46,32.79,6.36,2.21,1.39
2022/02/02T18:08:28z,84:f3:eb:7d:7:a8,6.01,2.0+OPENLOG+15552 MB+DS3231+BME280+PMSX003-B+PMSX003-A,28,32,2,1002.16,0.05,36504,0,480,1.20,3.85,4.22,1.20,3.85,4.22,16,16,388.22,112.80,25.56,4.41,0.00,0.00,1.40,3.89,7.14,1.40,3.89,7.14,16,16,432.42,121.93,27.68,7.26,3.12,1.44
2022/02/02T18:10:28z,84:f3:eb:7d:7:a8,6.01,2.0+OPENLOG+15552 MB+DS3231+BME280+PMSX003-B+PMSX003-A,27,31,0,1002.04,0.05,36504,0,600,1.25,2.48,2.48,1.25,2.48,2.48,10,10,360.43,103.16,16.32,2.18,0.00,0.00,1.28,4.02,5.33,1.28,4.02,5.33,17,17,383.69,112.97,24.24,6.00,1.45,0.69
2022/02/02T18:12:28z,84:f3:eb:7d:7:a8,6.01,2.0+OPENLOG+15552 MB+DS3231+BME280+PMSX003-B+PMSX003-A,26,31,0,1002.08,0.05,36504,0,720,1.24,4.02,6.26,1.24,4.02,6.26,17,17,425.48,118.38,27.78,4.91,1.97,0.86,1.45,4.03,5.74,1.45,4.03,5.74,17,17,425.95,118.88,24.09,5.24,1.59,0.83
2022/02/02T18:14:28z,84:f3:eb:7d:7:a8,6.01,2.0+OPENLOG+15552 MB+DS3231+BME280+PMSX003-B+PMSX003-A,25,31,0,1001.59,0.05,36504,0,840,1.26,2.66,6.36,1.26,2.66,6.36,11,11,416.17,113.47,22.33,6.38,2.48,1.10,1.81,4.98,6.98,1.81,4.98,6.98,21,21,495.41,140.10,32.92,5.56,2.07,0.47
2022/02/02T18:16:28z,84:f3:eb:7d:7:a8,6.01,2.0+OPENLOG+15552 MB+DS3231+BME280+PMSX003-B+PMSX003-A,26,32,0,1002.15,0.05,36504,0,960,1.57,3.38,5.41,1.57,3.38,5.41,14,14,452.12,123.38,23.76,3.10,1.76,1.10,1.36,3.43,5.84,1.36,3.43,5.84,14,14,402.38,113.38,21.34,5.43,2.25,0.93
2022/02/02T18:18:28z,84:f3:eb:7d:7:a8,6.01,2.0+OPENLOG+15552 MB+DS3231+BME280+PMSX003-B+PMSX003-A,26,32,0,1002.01,0.05,36504,0,1080,1.57,3.47,4.57,1.57,3.47,4.57,14,14,445.55,127.60,23.41,2.14,0.90,0.24,1.96,3.84,8.39,1.96,3.84,8.39,16,16,506.37,141.84,26.44,6.11,4.35,1.79
2022/02/02T18:20:28z,84:f3:eb:7d:7:a8,6.01,2.0+OPENLOG+15552 MB+DS3231+BME280+PMSX003-B+PMSX003-A,26,32,0,1002.01,0.05,36504,0,1200,1.65,3.84,4.95,1.65,3.84,4.95,16,16,450.16,127.31,27.24,2.44,0.51,0.51,1.40,4.89,7.21,1.40,4.89,7.21,20,20,429.79,119.84,32.44,7.09,2.49,0.49
2022/02/02T18:22:30z,84:f3:eb:7d:7:a8,6.01,2.0+OPENLOG+15552 MB+DS3231+BME280+PMSX003-B+PMSX003-A,27,32,1,1002.06,nan,36656,0,120,1.29,2.48,3.79,1.29,2.48,3.79,10,10,388.50,109.36,17.00,2.62,1.10,1.10,1.77,3.42,6.60,1.77,3.42,6.60,14,14,456.15,132.35,19.08,4.85,2.95,1.55
2022/02/02T18:24:30z,84:f3:eb:7d:7:a8,6.01,2.0+OPENLOG+15552 MB+DS3231+BME280+PMSX003-B+PMSX003-A,26,32,0,1001.98,0.05,36568,0,240,1.30,2.80,2.80,1.30,2.80,2.80,12,12,398.30,105.34,18.59,2.07,0.00,0.00,1.86,4.11,4.89,1.86,4.11,4.89,17,17,443.53,131.72,22.93,3.65,0.77,0.32
2022/02/02T18:26:30z,84:f3:eb:7d:7:a8,6.01,2.0+OPENLOG+15552 MB+DS3231+BME280+PMSX003-B+PMSX003-A,27,32,1,1002.00,0.05,36568,0,360,2.54,4.47,6.03,2.54,4.47,6.03,19,19,535.32,143.63,28.37,2.37,1.36,0.75,2.02,4.18,6.39,2.02,4.18,6.39,17,17,505.68,142.18,27.77,3.65,1.68,1.68
2022/02/02T18:28:30z,84:f3:eb:7d:7:a8,6.01,2.0+OPENLOG+15552 MB+DS3231+BME280+PMSX003-B+PMSX003-A,26,32,0,1002.02,0.05,36568,0,480,1.59,4.25,5.93,1.59,4.25,5.93,18,18,511.68,139.71,21.83,4.71,1.29,0.95,2.71,6.18,6.75,2.71,6.18,6.75,26,26,557.04,160.36,31.30,5.21,0.46,0.00
2022/02/02T18:30:30z,84:f3:eb:7d:7:a8,6.01,2.0+OPENLOG+15552 MB+DS3231+BME280+PMSX003-B+PMSX003-A,26,32,0,1002.14,0.05,36568,0,600,1.42,3.60,3.88,1.42,3.60,3.88,15,15,418.74,115.49,21.72,1.93,0.39,0.00,1.62,3.50,5.48,1.62,3.50,5.48,15,15,428.79,122.60,25.43,4.52,1.76,1.00
2022/02/02T18:32:30z,84:f3:eb:7d:7:a8,6.01,2.0+OPENLOG+15552 MB+DS3231+BME280+PMSX003-B+PMSX003-A,26,32,0,1002.10,0.05,36568,0,720,1.07,3.31,4.44,1.07,3.31,4.44,14,14,389.02,107.84,28.36,3.67,0.40,0.00,1.40,3.60,5.00,1.40,3.60,5.00,15,15,453.53,126.33,22.96,3.33,1.40,0.95
2022/02/02T18:34:30z,84:f3:eb:7d:7:a8,6.01,2.0+OPENLOG+15552 MB+DS3231+BME280+PMSX003-B+PMSX003-A,28,32,2,1002.09,0.05,36568,0,840,1.00,1.85,2.56,1.00,1.85,2.56,8,8,327.66,92.53,16.27,1.56,0.41,0.00,1.64,3.36,4.76,1.64,3.36,4.76,14,14,442.14,127.19,25.10,2.72,1.14,0.34
2022/02/02T18:36:30z,84:f3:eb:7d:7:a8,6.01,2.0+OPENLOG+15552 MB+DS3231+BME280+PMSX003-B+PMSX003-A,27,32,1,1002.19,0.05,36568,0,960,1.20,2.69,3.86,1.20,2.69,3.86,11,11,418.32,112.39,24.27,2.20,0.37,0.00,1.69,3.18,3.18,1.69,3.18,3.18,13,13,392.51,109.84,17.89,2.87,0.00,0.00
2022/02/02T18:38:30z,84:f3:eb:7d:7:a8,6.01,2.0+OPENLOG+15552 MB+DS3231+BME280+PMSX003-B+PMSX003-A,27,31,0,1001.96,0.05,36568,0,1080,1.21,2.72,3.28,1.21,2.72,3.28,11,11,407.74,108.49,17.74,1.79,0.49,0.00,1.51,3.23,4.81,1.51,3.23,4.81,13,13,416.21,120.46,20.56,3.89,1.37,0.98
2022/02/02T18:40:30z,84:f3:eb:7d:7:a8,6.01,2.0+OPENLOG+15552 MB+DS3231+BME280+PMSX003-B+PMSX003-A,27,32,1,1002.10,0.05,36568,0,1200,1.76,3.87,5.15,1.76,3.87,5.15,16,16,450.65,131.16,25.40,3.45,1.35,0.00,1.34,2.55,5.50,1.34,2.55,5.50,11,11,408.31,116.45,22.43,3.76,3.00,0.90
2022/02/02T18:42:31z,84:f3:eb:7d:7:a8,6.01,2.0+OPENLOG+15552 MB+DS3231+BME280+PMSX003-B+PMSX003-A,27,32,1,1002.03,nan,36656,0,120,1.00,2.70,3.05,1.00,2.70,3.05,11,11,336.61,91.27,22.27,2.50,0.41,0.14,1.20,3.33,6.10,1.20,3.33,6.10,14,14,363.15,108.40,26.52,5.95,2.85,1.20
2022/02/02T18:44:31z,84:f3:eb:7d:7:a8,6.01,2.0+OPENLOG+15552 MB+DS3231+BME280+PMSX003-B+PMSX003-A,27,32,1,1001.99,0.05,36568,0,240,1.31,3.39,4.85,1.31,3.39,4.85,14,14,403.67,110.74,23.54,4.33,1.11,0.85,1.37,3.30,5.25,1.37,3.30,5.25,14,14,381.68,114.32,26.23,3.47,2.14,1.16
2022/02/02T18:46:31z,84:f3:eb:7d:7:a8,6.01,2.0+OPENLOG+15552 MB+DS3231+BME280+PMSX003-B+PMSX003-A,27,31,0,1002.00,0.05,36568,0,360,1.52,4.14,4.40,1.52,4.14,4.40,17,17,429.47,122.28,25.84,2.41,0.38,0.00,1.05,5.09,7.25,1.05,5.09,7.25,21,21,404.14,117.68,26.89,8.50,2.18,1.54
2022/02/02T18:48:31z,84:f3:eb:7d:7:a8,6.01,2.0+OPENLOG+15552 MB+DS3231+BME280+PMSX003-B+PMSX003-A,27,31,0,1002.10,0.05,36568,0,480,1.00,2.03,3.58,1.00,2.03,3.58,8,8,342.81,94.37,20.22,2.95,0.75,0.75,1.24,3.54,5.72,1.24,3.54,5.72,15,15,377.50,107.43,28.46,5.44,2.07,0.89
2022/02/02T18:50:31z,84:f3:eb:7d:7:a8,6.01,2.0+OPENLOG+15552 MB+DS3231+BME280+PMSX003-B+PMSX003-A,28,31,1,1002.08,0.05,36568,0,600,0.91,2.15,4.73,0.91,2.15,4.73,9,9,332.51,94.13,21.64,4.11,2.40,1.42,1.03,3.79,5.33,1.03,3.79,5.33,16,16,363.83,107.36,23.48,5.69,1.83,0.48
2022/02/02T18:52:31z,84:f3:eb:7d:7:a8,6.01,2.0+OPENLOG+15552 MB+DS3231+BME280+PMSX003-B+PMSX003-A,28,31,1,1002.01,0.05,36568,0,720,1.30,2.81,4.79,1.30,2.81,4.79,12,12,391.58,108.46,20.11,4.53,1.40,0.49,1.22,4.56,6.61,1.22,4.56,6.61,19,19,395.29,115.32,27.97,7.66,1.97,0.71
2022/02/02T18:54:31z,84:f3:eb:7d:7:a8,6.01,2.0+OPENLOG+15552 MB+DS3231+BME280+PMSX003-B+PMSX003-A,28,31,1,1001.91,0.05,36568,0,840,0.89,2.67,3.05,0.89,2.67,3.05,11,11,341.47,92.79,20.11,1.93,0.00,0.00,1.52,2.84,4.09,1.52,2.84,4.09,12,12,391.98,109.48,18.71,3.36,1.07,0.50
2022/02/02T18:56:31z,84:f3:eb:7d:7:a8,6.01,2.0+OPENLOG+15552 MB+DS3231+BME280+PMSX003-B+PMSX003-A,29,31,2,1001.90,0.05,36568,0,960,1.43,3.19,4.38,1.43,3.19,4.38,13,13,401.43,119.86,19.07,2.38,0.72,0.72,1.84,3.31,4.89,1.84,3.31,4.89,14,14,428.18,125.02,21.64,3.71,1.71,0.51
2022/02/02T18:58:31z,84:f3:eb:7d:7:a8,6.01,2.0+OPENLOG+15552 MB+DS3231+BME280+PMSX003-B+PMSX003-A,28,31,1,1001.84,0.05,36568,0,1080,1.57,3.23,4.16,1.57,3.23,4.16,13,13,436.71,122.02,22.45,2.07,0.68,0.36,1.50,4.26,5.98,1.50,4.26,5.98,18,18,424.60,125.40,25.07,5.21,1.66,1.38
2022/02/02T19:00:31z,84:f3:eb:7d:7:a8,6.01,2.0+OPENLOG+15552 MB+DS3231+BME280+PMSX003-B+PMSX003-A,29,30,2,1001.85,0.05,36568,0,1200,1.49,2.49,5.09,1.49,2.49,5.09,10,10,455.40,122.80,21.84,3.56,2.00,0.51,1.37,2.79,4.53,1.37,2.79,4.53,12,12,398.89,115.35,19.18,3.09,2.00,0.11
2022/02/02T19:02:32z,84:f3:eb:7d:7:a8,6.01,2.0+OPENLOG+15552 MB+DS3231+BME280+PMSX003-B+PMSX003-A,29,30,1,1001.79,nan,36656,0,120,1.86,4.20,5.55,1.86,4.20,5.55,18,18,484.70,135.52,28.41,3.82,0.91,0.00,1.60,5.12,6.47,1.60,5.12,6.47,21,21,491.40,138.93,31.58,4.40,0.95,0.45
2022/02/02T19:04:32z,84:f3:eb:7d:7:a8,6.01,2.0+OPENLOG+15552 MB+DS3231+BME280+PMSX003-B+PMSX003-A,28,30,0,1001.82,0.05,36192,0,240,1.72,3.67,4.30,1.72,3.67,4.30,15,15,440.22,125.19,25.37,3.04,0.22,0.00,2.07,4.12,8.70,2.07,4.12,8.70,17,17,514.79,145.89,28.49,8.63,5.09,0.77
2022/02/02T19:06:32z,84:f3:eb:7d:7:a8,6.01,2.0+OPENLOG+15552 MB+DS3231+BME280+PMSX003-B+PMSX003-A,28,30,0,1001.85,0.05,36504,0,360,1.55,4.20,5.77,1.55,4.20,5.77,17,17,453.55,126.53,23.87,4.50,1.43,1.43,1.81,4.59,5.67,1.81,4.59,5.67,19,19,479.90,138.84,26.31,4.00,1.17,0.00
2022/02/02T19:08:32z,84:f3:eb:7d:7:a8,6.01,2.0+OPENLOG+15552 MB+DS3231+BME280+PMSX003-B+PMSX003-A,28,31,1,1001.87,0.05,36504,0,480,1.74,3.56,4.00,1.74,3.56,4.00,15,15,452.05,123.32,25.72,1.40,0.32,0.32,1.35,3.67,5.51,1.35,3.67,5.51,15,15,415.80,120.22,23.76,4.00,1.89,0.62
2022/02/02T19:10:32z,84:f3:eb:7d:7:a8,6.01,2.0+OPENLOG+15552 MB+DS3231+BME280+PMSX003-B+PMSX003-A,28,31,1,1001.86,0.05,36504,0,600,1.68,3.88,4.47,1.68,3.88,4.47,16,16,457.74,126.98,20.72,2.91,0.56,0.18,1.58,4.42,5.59,1.58,4.42,5.59,18,18,429.51,122.19,26.27,4.44,1.32,0.81
2022/02/02T19:12:32z,84:f3:eb:7d:7:a8,6.01,2.0+OPENLOG+15552 MB+DS3231+BME280+PMSX003-B+PMSX003-A,28,31,1,1001.79,0.05,36504,0,720,1.76,4.11,5.65,1.76,4.11,5.65,17,17,476.02,131.13,28.07,3.38,1.78,0.51,1.73,4.51,6.29,1.73,4.51,6.29,19,19,470.49,135.17,28.58,5.49,2.27,0.34
2022/02/02T19:14:32z,84:f3:eb:7d:7:a8,6.01,2.0+OPENLOG+15552 MB+DS3231+BME280+PMSX003-B+PMSX003-A,28,31,1,1001.83,0.05,36504,0,840,2.07,4.31,5.84,2.07,4.31,5.84,18,18,530.74,143.21,25.43,3.79,1.28,0.45,2.33,3.79,5.44,2.33,3.79,5.44,16,16,488.11,139.91,16.79,3.58,1.51,1.33
2022/02/02T19:16:32z,84:f3:eb:7d:7:a8,6.01,2.0+OPENLOG+15552 MB+DS3231+BME280+PMSX003-B+PMSX003-A,28,31,1,1001.83,0.05,36504,0,960,1.31,3.14,3.14,1.31,3.14,3.14,13,13,410.29,112.61,22.17,1.29,0.00,0.00,1.57,3.66,3.96,1.57,3.66,3.96,15,15,419.73,118.43,20.98,2.96,0.25,0.25
2022/02/02T19:18:32z,84:f3:eb:7d:7:a8,6.01,2.0+OPENLOG+15552 MB+DS3231+BME280+PMSX003-B+PMSX003-A,29,31,2,1001.67,0.05,36504,0,1080,1.22,2.66,4.91,1.22,2.66,4.91,11,11,390.31,108.93,19.47,3.55,1.31,0.86,2.19,4.21,5.53,2.19,4.21,5.53,18,18,475.21,137.74,25.37,3.82,1.51,0.32
2022/02/02T19:20:32z,84:f3:eb:7d:7:a8,6.01,2.0+OPENLOG+15552 MB+DS3231+BME280+PMSX003-B+PMSX003-A,28,30,1,1001.65,0.05,36504,0,1200,1.37,3.52,5.22,1.37,3.52,5.22,15,15,411.22,116.59,24.85,4.07,0.96,0.96,1.95,4.78,6.86,1.95,4.78,6.86,20,20,488.75,136.05,30.44,5.03,2.07,1.22
2022/02/02T19:22:32z,84:f3:eb:7d:7:a8,6.01,2.0+OPENLOG+15552 MB+DS3231+BME280+PMSX003-B+PMSX003-A,29,30,2,1001.72,nan,36656,0,120,1.45,3.20,4.34,1.45,3.20,4.34,13,13,438.75,113.18,18.86,3.64,0.86,0.59,1.79,3.03,4.59,1.79,3.03,4.59,13,13,404.62,118.74,18.13,3.79,1.79,0.62
2022/02/02T19:24:32z,84:f3:eb:7d:7:a8,6.01,2.0+OPENLOG+15552 MB+DS3231+BME280+PMSX003-B+PMSX003-A,28,31,1,1001.73,0.05,36568,0,240,1.22,2.96,5.07,1.22,2.96,5.07,12,12,437.94,118.13,22.41,3.81,1.41,0.41,2.23,4.47,5.37,2.23,4.47,5.37,19,19,502.47,143.35,23.79,2.67,1.02,0.25
2022/02/02T19:26:32z,84:f3:eb:7d:7:a8,6.01,2.0+OPENLOG+15552 MB+DS3231+BME280+PMSX003-B+PMSX003-A,27,30,0,1001.74,0.05,36568,0,360,2.53,5.28,6.12,2.53,5.28,6.12,22,22,570.60,157.17,29.75,3.80,0.67,0.00,2.64,5.15,7.60,2.64,5.15,7.60,21,21,601.09,170.42,27.76,5.09,2.44,1.71
2022/02/02T19:28:32z,84:f3:eb:7d:7:a8,6.01,2.0+OPENLOG+15552 MB+DS3231+BME280+PMSX003-B+PMSX003-A,28,31,1,1001.76,0.05,36568,0,480,3.98,7.89,9.56,3.98,7.89,9.56,33,33,750.68,207.91,36.74,6.11,1.51,0.00,4.20,6.69,9.89,4.20,6.69,9.89,28,28,762.22,212.73,30.38,5.75,3.09,1.85
2022/02/02T19:30:32z,84:f3:eb:7d:7:a8,6.01,2.0+OPENLOG+15552 MB+DS3231+BME280+PMSX003-B+PMSX003-A,27,31,0,1001.82,0.05,36568,0,600,1.75,4.30,4.91,1.75,4.30,4.91,18,18,485.95,132.63,27.00,2.74,0.74,0.00,2.88,5.66,8.02,2.88,5.66,8.02,24,24,549.72,158.29,29.78,6.62,2.31,1.31
2022/02/02T19:32:32z,84:f3:eb:7d:7:a8,6.01,2.0+OPENLOG+15552 MB+DS3231+BME280+PMSX003-B+PMSX003-A,28,31,1,1001.79,0.05,36568,0,720,2.24,4.00,5.78,2.24,4.00,5.78,17,17,513.82,138.91,26.11,2.84,1.64,0.87,1.71,6.20,9.76,1.71,6.20,9.76,26,26,498.81,146.66,37.80,9.80,4.41,1.29
2022/02/02T19:34:32z,84:f3:eb:7d:7:a8,6.01,2.0+OPENLOG+15552 MB+DS3231+BME280+PMSX003-B+PMSX003-A,28,31,1,1001.79,0.05,36568,0,840,1.58,3.75,4.35,1.58,3.75,4.35,16,16,445.63,127.35,21.75,2.67,0.63,0.14,1.79,3.95,6.78,1.79,3.95,6.78,16,16,472.60,137.28,23.74,4.97,2.83,0.48
2022/02/02T19:36:32z,84:f3:eb:7d:7:a8,6.01,2.0+OPENLOG+15552 MB+DS3231+BME280+PMSX003-B+PMSX003-A,28,31,1,1000.89,0.05,36568,0,960,1.78,3.81,4.45,1.78,3.81,4.45,16,16,473.33,134.26,23.05,2.00,0.62,0.00,1.93,5.35,7.31,1.93,5.35,7.31,22,22,501.33,145.33,29.98,6.26,1.96,1.52
2022/02/02T19:38:32z,84:f3:eb:7d:7:a8,6.01,2.0+OPENLOG+15552 MB+DS3231+BME280+PMSX003-B+PMSX003-A,29,30,1,1001.73,0.05,36568,0,1080,1.79,4.50,5.02,1.79,4.50,5.02,19,19,505.71,140.78,23.45,3.00,0.41,0.00,2.29,5.27,8.41,2.29,5.27,8.41,22,22,552.66,152.86,30.39,7.36,2.92,1.08
2022/02/02T19:40:32z,84:f3:eb:7d:7:a8,6.01,2.0+OPENLOG+15552 MB+DS3231+BME280+PMSX003-B+PMSX003-A,29,30,2,1001.68,0.05,36568,0,1200,1.51,3.31,4.36,1.51,3.31,4.36,14,14,454.80,124.67,21.51,3.02,0.65,0.00,2.38,6.10,7.12,2.38,6.10,7.12,25,25,551.38,158.21,32.52,4.90,1.41,0.00
2022/02/02T19:42:34z,84:f3:eb:7d:7:a8,6.01,2.0+OPENLOG+15552 MB+DS3231+BME280+PMSX003-B+PMSX003-A,28,30,1,1001.71,nan,36032,0,120,1.47,3.09,4.14,1.47,3.09,4.14,13,13,416.86,118.23,19.19,2.74,0.60,0.60,1.56,4.79,7.05,1.56,4.79,7.05,20,20,467.46,128.74,33.74,7.69,2.56,1.03
2022/02/02T19:44:34z,84:f3:eb:7d:7:a8,6.01,2.0+OPENLOG+15552 MB+DS3231+BME280+PMSX003-B+PMSX003-A,28,30,1,1001.78,0.05,36568,0,240,1.78,3.22,3.63,1.78,3.22,3.63,13,13,416.67,118.39,20.37,1.56,0.22,0.22,1.74,4.49,6.05,1.74,4.49,6.05,19,19,446.42,136.12,30.35,5.40,1.96,0.49
2022/02/02T19:46:34z,84:f3:eb:7d:7:a8,6.01,2.0+OPENLOG+15552 MB+DS3231+BME280+PMSX003-B+PMSX003-A,28,30,1,1001.75,0.05,36568,0,360,1.48,5.72,7.33,1.48,5.72,7.33,24,24,511.85,142.22,34.50,6.00,1.77,0.93,2.90,4.79,6.24,2.90,4.79,6.24,20,20,550.86,163.17,29.16,3.93,1.31,0.45
2022/02/02T19:48:34z,84:f3:eb:7d:7:a8,6.01,2.0+OPENLOG+15552 MB+DS3231+BME280+PMSX003-B+PMSX003-A,27,30,0,1001.80,0.05,36568,0,480,1.19,2.98,4.53,1.19,2.98,4.53,12,12,376.53,111.00,22.39,4.63,1.16,0.32,1.76,4.44,6.37,1.76,4.44,6.37,19,19,457.61,134.96,25.81,5.48,2.07,1.04
2022/02/02T19:50:34z,84:f3:eb:7d:7:a8,6.01,2.0+OPENLOG+15552 MB+DS3231+BME280+PMSX003-B+PMSX003-A,28,31,1,1001.74,0.05,36568,0,600,1.36,3.26,6.10,1.36,3.26,6.10,14,14,435.21,124.02,24.90,4.55,2.72,1.69,1.58,3.56,5.27,1.58,3.56,5.27,15,15,412.17,117.10,22.14,5.29,1.56,1.15
2022/02/02T19:52:34z,84:f3:eb:7d:7:a8,6.01,2.0+OPENLOG+15552 MB+DS3231+BME280+PMSX003-B+PMSX003-A,29,31,2,1001.74,0.05,36256,0,720,0.81,1.74,3.35,0.81,1.74,3.35,7,7,308.94,85.61,19.74,3.41,0.85,0.37,1.21,2.64,3.83,1.21,2.64,3.83,11,11,344.02,98.95,23.31,2.72,1.17,0.41
2022/02/02T19:54:34z,84:f3:eb:7d:7:a8,6.01,2.0+OPENLOG+15552 MB+DS3231+BME280+PMSX003-B+PMSX003-A,29,30,2,1001.70,0.05,36568,0,840,1.02,2.26,5.29,1.02,2.26,5.29,9,9,343.24,98.33,20.53,4.69,2.14,1.28,1.21,3.74,6.21,1.21,3.74,6.21,16,16,406.05,115.98,27.74,6.25,2.81,0.00
2022/02/02T19:56:34z,84:f3:eb:7d:7:a8,6.01,2.0+OPENLOG+15552 MB+DS3231+BME280+PMSX003-B+PMSX003-A,29,30,1,1001.70,0.05,36568,0,960,1.10,2.28,4.34,1.10,2.28,4.34,9,9,383.28,103.43,19.07,2.83,1.86,1.10,1.41,3.27,4.50,1.41,3.27,4.50,14,14,415.93,113.80,21.43,4.86,1.14,0.36
2022/02/02T19:58:34z,84:f3:eb:7d:7:a8,6.01,2.0+OPENLOG+15552 MB+DS3231+BME280+PMSX003-B+PMSX003-A,28,30,1,1001.69,0.05,36568,0,1080,1.14,2.07,4.37,1.14,2.07,4.37,9,9,371.00,102.70,18.02,3.82,2.21,0.81,1.72,4.38,6.84,1.72,4.38,6.84,18,18,479.02,131.66,26.78,6.79,2.90,0.79
2022/02/02T20:00:34z,84:f3:eb:7d:7:a8,6.01,2.0+OPENLOG+15552 MB+DS3231+BME280+PMSX003-B+PMSX003-A,29,30,2,1001.71,0.05,36568,0,1200,1.39,3.89,4.50,1.39,3.89,4.50,16,16,433.07,124.36,23.29,3.43,0.61,0.21,1.22,2.93,3.14,1.22,2.93,3.14,12,12,384.26,108.69,18.45,2.28,0.21,0.10
2022/02/02T20:02:35z,84:f3:eb:7d:7:a8,6.01,2.0+OPENLOG+15552 MB+DS3231+BME280+PMSX003-B+PMSX003-A,27,30,0,1000.74,nan,36656,0,121,1.23,2.63,4.91,1.23,2.63,4.91,11,11,362.02,109.47,20.79,3.40,1.67,1.02,1.27,3.56,5.56,1.27,3.56,5.56,15,15,389.85,112.98,23.71,5.32,1.90,0.68
2022/02/02T20:04:35z,84:f3:eb:7d:7:a8,6.01,2.0+OPENLOG+15552 MB+DS3231+BME280+PMSX003-B+PMSX003-A,28,30,1,1001.81,0.05,36568,0,241,1.02,1.93,3.00,1.02,1.93,3.00,8,8,347.33,95.02,15.22,2.26,0.85,0.00,1.23,2.91,3.89,1.23,2.91,3.89,12,12,371.79,107.02,20.19,3.68,1.02,0.39
2022/02/02T20:06:35z,84:f3:eb:7d:7:a8,6.01,2.0+OPENLOG+15552 MB+DS3231+BME280+PMSX003-B+PMSX003-A,28,30,1,1001.83,0.05,36568,0,361,1.00,3.33,3.91,1.00,3.33,3.91,14,14,365.38,102.64,25.29,2.48,0.45,0.45,1.07,2.43,3.14,1.07,2.43,3.14,10,10,354.05,103.54,19.93,2.04,0.75,0.39
2022/02/02T20:08:35z,84:f3:eb:7d:7:a8,6.01,2.0+OPENLOG+15552 MB+DS3231+BME280+PMSX003-B+PMSX003-A,28,30,1,1001.83,0.05,36568,0,481,0.91,2.00,2.41,0.91,2.00,2.41,8,8,348.00,92.83,13.93,2.34,0.00,0.00,1.41,3.74,5.07,1.41,3.74,5.07,16,16,414.67,122.98,28.80,3.41,1.41,0.41
2022/02/02T20:10:35z,84:f3:eb:7d:7:a8,6.01,2.0+OPENLOG+15552 MB+DS3231+BME280+PMSX003-B+PMSX003-A,28,30,0,1001.82,0.05,36568,0,601,0.84,2.40,4.63,0.84,2.40,4.63,10,10,348.53,97.19,24.28,3.19,1.79,0.95,1.28,2.65,4.14,1.28,2.65,4.14,11,11,367.05,107.07,20.95,1.75,1.26,0.88
2022/02/02T20:12:35z,84:f3:eb:7d:7:a8,6.01,2.0+OPENLOG+15552 MB+DS3231+BME280+PMSX003-B+PMSX003-A,27,30,0,1001.88,0.05,36568,0,721,1.20,2.67,3.18,1.20,2.67,3.18,11,11,355.96,100.20,20.53,1.24,0.55,0.04,1.17,3.07,4.17,1.17,3.07,4.17,13,13,383.30,106.88,20.15,2.73,1.23,0.40
2022/02/02T20:14:35z,84:f3:eb:7d:7:a8,6.01,2.0+OPENLOG+15552 MB+DS3231+BME280+PMSX003-B+PMSX003-A,28,31,1,1001.95,0.05,36568,0,841,1.29,3.40,5.48,1.29,3.40,5.48,14,14,436.14,122.59,25.40,4.10,1.59,0.66,1.39,3.86,6.20,1.39,3.86,6.20,16,16,452.57,124.96,25.14,5.75,2.43,0.89
2022/02/02T20:16:35z,84:f3:eb:7d:7:a8,6.01,2.0+OPENLOG+15552 MB+DS3231+BME280+PMSX003-B+PMSX003-A,28,30,0,1002.02,0.05,36568,0,961,1.69,3.31,5.49,1.69,3.31,5.49,14,14,452.14,124.02,23.51,3.42,2.31,0.95,1.00,2.44,4.00,1.00,2.44,4.00,10,10,368.74,109.95,15.58,4.00,1.68,0.42
2022/02/02T20:18:35z,84:f3:eb:7d:7:a8,6.01,2.0+OPENLOG+15552 MB+DS3231+BME280+PMSX003-B+PMSX003-A,27,31,0,1002.04,0.05,36568,0,1081,1.12,2.54,3.05,1.12,2.54,3.05,11,11,344.21,96.54,16.98,2.84,0.42,0.42,1.63,3.63,6.36,1.63,3.63,6.36,15,15,459.97,127.36,25.97,5.32,2.64,2.00
2022/02/02T20:20:35z,84:f3:eb:7d:7:a8,6.01,2.0+OPENLOG+15552 MB+DS3231+BME280+PMSX003-B+PMSX003-A,28,31,1,1002.00,0.05,36568,0,1201,1.48,3.30,3.89,1.48,3.30,3.89,14,14,399.44,111.63,21.19,2.59,0.41,0.37,1.29,2.59,5.59,1.29,2.59,5.59,11,11,391.34,114.09,21.41,4.21,3.21,0.93
2022/02/02T20:22:36z,84:f3:eb:7d:7:a8,6.01,2.0+OPENLOG+15552 MB+DS3231+BME280+PMSX003-B+PMSX003-A,28,30,1,1001.97,nan,36656,0,120,1.91,3.40,4.86,1.91,3.40,4.86,14,14,426.21,121.28,19.67,4.05,1.35,0.70,1.17,3.49,4.90,1.17,3.49,4.90,15,15,388.39,110.29,23.76,3.95,1.51,0.68
2022/02/02T20:24:36z,84:f3:eb:7d:7:a8,6.01,2.0+OPENLOG+15552 MB+DS3231+BME280+PMSX003-B+PMSX003-A,28,30,1,1001.99,0.05,36568,0,240,1.17,2.65,3.98,1.17,2.65,3.98,11,11,369.17,102.17,19.63,1.96,1.19,0.33,1.57,3.03,6.73,1.57,3.03,6.73,13,13,446.95,125.15,20.88,5.23,3.63,1.33
2022/02/02T20:26:36z,84:f3:eb:7d:7:a8,6.01,2.0+OPENLOG+15552 MB+DS3231+BME280+PMSX003-B+PMSX003-A,28,30,0,1002.06,0.05,36568,0,360,1.13,3.00,4.63,1.13,3.00,4.63,13,13,402.60,106.18,23.80,3.80,1.60,0.10,1.79,4.88,6.72,1.79,4.88,6.72,20,20,497.58,142.72,29.35,5.54,2.07,1.12
2022/02/02T20:28:36z,84:f3:eb:7d:7:a8,6.01,2.0+OPENLOG+15552 MB+DS3231+BME280+PMSX003-B+PMSX003-A,28,30,0,1002.14,0.05,36568,0,480,1.52,3.38,4.16,1.52,3.38,4.16,14,14,433.71,120.86,24.38,2.45,0.48,0.00,1.73,3.67,4.36,1.73,3.67,4.36,15,15,448.36,130.15,24.09,3.05,0.65,0.33
2022/02/02T20:30:36z,84:f3:eb:7d:7:a8,6.01,2.0+OPENLOG+15552 MB+DS3231+BME280+PMSX003-B+PMSX003-A,27,30,0,1002.14,0.05,36568,0,600,1.07,3.32,4.91,1.07,3.32,4.91,14,14,401.89,111.32,21.46,4.32,0.93,0.93,1.32,3.61,5.98,1.32,3.61,5.98,15,15,418.74,120.02,25.75,4.95,2.95,0.98
2022/02/02T20:32:36z,84:f3:eb:7d:7:a8,6.01,2.0+OPENLOG+15552 MB+DS3231+BME280+PMSX003-B+PMSX003-A,29,30,1,1002.19,0.05,36568,0,720,1.14,1.75,2.38,1.14,1.75,2.38,7,7,372.11,97.75,15.57,1.07,0.36,0.36,1.29,3.61,4.95,1.29,3.61,4.95,15,15,402.20,118.12,26.44,3.39,0.98,0.44
2022/02/02T20:34:36z,84:f3:eb:7d:7:a8,6.01,2.0+OPENLOG+15552 MB+DS3231+BME280+PMSX003-B+PMSX003-A,28,29,0,1002.18,0.05,36504,0,840,1.25,3.79,4.56,1.25,3.79,4.56,16,16,404.63,115.74,24.63,4.04,0.53,0.07,1.32,3.12,3.93,1.32,3.12,3.93,13,13,394.11,117.18,20.21,2.46,0.84,0.00
2022/02/02T20:36:36z,84:f3:eb:7d:7:a8,6.01,2.0+OPENLOG+15552 MB+DS3231+BME280+PMSX003-B+PMSX003-A,27,30,0,1002.22,0.05,36504,0,960,1.08,2.63,5.32,1.08,2.63,5.32,11,11,365.39,102.88,17.90,5.59,2.64,1.32,1.25,3.11,4.98,1.25,3.11,4.98,13,13,373.29,111.02,23.14,4.54,1.71,0.86
2022/02/02T20:38:36z,84:f3:eb:7d:7:a8,6.01,2.0+OPENLOG+15552 MB+DS3231+BME280+PMSX003-B+PMSX003-A,27,30,0,1002.18,0.05,36504,0,1080,1.54,3.52,3.98,1.54,3.52,3.98,15,15,406.66,118.55,19.18,2.50,0.50,0.50,1.56,3.22,4.47,1.56,3.22,4.47,13,13,397.88,119.12,19.31,3.49,1.22,0.47
2022/02/02T20:40:36z,84:f3:eb:7d:7:a8,6.01,2.0+OPENLOG+15552 MB+DS3231+BME280+PMSX003-B+PMSX003-A,28,30,1,1002.23,0.05,36504,0,1200,1.73,3.13,3.89,1.73,3.13,3.89,13,13,404.95,121.42,22.42,1.85,0.44,0.04,1.36,3.51,3.61,1.36,3.51,3.61,15,15,419.29,115.69,21.69,2.20,0.10,0.00
2022/02/02T20:42:37z,84:f3:eb:7d:7:a8,6.01,2.0+OPENLOG+15552 MB+DS3231+BME280+PMSX003-B+PMSX003-A,27,30,0,1002.18,nan,36656,0,120,1.02,2.26,3.52,1.02,2.26,3.52,9,9,378.57,99.50,13.43,2.57,1.24,0.62,1.28,4.03,4.13,1.28,4.03,4.13,17,17,394.15,113.69,28.56,3.28,0.10,0.00
2022/02/02T20:44:37z,84:f3:eb:7d:7:a8,6.01,2.0+OPENLOG+15552 MB+DS3231+BME280+PMSX003-B+PMSX003-A,28,30,1,1002.25,0.05,36568,0,240,1.30,2.65,4.17,1.30,2.65,4.17,11,11,374.17,105.44,21.59,3.00,0.85,0.48,1.24,2.90,4.75,1.24,2.90,4.75,12,12,384.56,112.98,19.53,3.32,1.83,0.47
2022/02/02T20:46:37z,84:f3:eb:7d:7:a8,6.01,2.0+OPENLOG+15552 MB+DS3231+BME280+PMSX003-B+PMSX003-A,28,30,1,1002.23,0.05,36568,0,360,0.81,1.98,2.15,0.81,1.98,2.15,8,8,292.58,79.08,14.14,1.63,0.00,0.00,1.10,3.21,5.12,1.10,3.21,5.12,13,13,382.55,116.72,17.79,5.24,2.21,0.45
2022/02/02T20:48:37z,84:f3:eb:7d:7:a8,6.01,2.0+OPENLOG+15552 MB+DS3231+BME280+PMSX003-B+PMSX003-A,27,30,0,1002.27,0.05,36568,0,480,1.14,2.10,2.53,1.14,2.10,2.53,9,9,363.67,101.10,15.16,2.14,0.00,0.00,1.00,3.64,7.47,1.00,3.64,7.47,15,15,353.95,103.95,28.51,8.76,4.15,2.22
2022/02/02T20:50:37z,84:f3:eb:7d:7:a8,6.01,2.0+OPENLOG+15552 MB+DS3231+BME280+PMSX003-B+PMSX003-A,23,30,-3,998.06,0.05,36568,0,600,1.24,2.40,4.36,1.24,2.40,4.36,10,10,352.96,103.02,20.38,4.22,1.27,0.76,1.19,3.14,5.62,1.19,3.14,5.62,13,13,389.64,113.00,27.17,3.97,2.55,0.86
2022/02/02T20:52:37z,84:f3:eb:7d:7:a8,6.01,2.0+OPENLOG+15552 MB+DS3231+BME280+PMSX003-B+PMSX003-A,27,30,0,1002.30,0.05,36568,0,720,1.02,2.16,2.98,1.02,2.16,2.98,9,9,366.95,97.40,19.70,2.74,0.88,0.56,1.17,2.59,5.03,1.17,2.59,5.03,11,11,375.46,103.02,21.54,4.27,2.14,1.53
2022/02/02T20:54:37z,84:f3:eb:7d:7:a8,6.01,2.0+OPENLOG+15552 MB+DS3231+BME280+PMSX003-B+PMSX003-A,28,30,1,1002.31,0.05,36568,0,840,1.18,3.05,3.67,1.18,3.05,3.67,13,13,410.68,113.11,23.16,2.28,0.70,0.14,1.79,4.18,5.89,1.79,4.18,5.89,17,17,459.84,129.60,26.12,4.77,2.11,0.00
2022/02/02T20:56:37z,84:f3:eb:7d:7:a8,6.01,2.0+OPENLOG+15552 MB+DS3231+BME280+PMSX003-B+PMSX003-A,26,30,-1,1002.30,0.05,36568,0,960,1.05,2.53,2.98,1.05,2.53,2.98,11,11,353.80,100.98,18.64,3.02,0.00,0.00,1.62,4.31,5.93,1.62,4.31,5.93,18,18,442.91,126.45,23.73,5.60,1.56,1.02
2022/02/02T20:58:37z,84:f3:eb:7d:7:a8,6.01,2.0+OPENLOG+15552 MB+DS3231+BME280+PMSX003-B+PMSX003-A,27,31,0,1002.30,0.05,36568,0,1080,1.52,3.36,4.33,1.52,3.36,4.33,14,14,439.91,123.22,18.38,3.41,0.86,0.00,1.51,4.44,5.85,1.51,4.44,5.85,19,19,435.61,126.63,25.78,6.75,1.59,0.64
2022/02/02T21:00:37z,84:f3:eb:7d:7:a8,6.01,2.0+OPENLOG+15552 MB+DS3231+BME280+PMSX003-B+PMSX003-A,28,30,1,1002.33,0.05,36568,0,1200,0.87,2.36,2.45,0.87,2.36,2.45,10,10,315.60,89.09,14.64,2.80,0.00,0.00,1.48,3.93,6.02,1.48,3.93,6.02,16,16,419.43,120.14,29.83,3.59,2.55,1.24
2022/02/02T21:02:39z,84:f3:eb:7d:7:a8,6.01,2.0+OPENLOG+15552 MB+DS3231+BME280+PMSX003-B+PMSX003-A,25,30,-2,1000.10,nan,36656,0,120,1.07,1.84,3.35,1.07,1.84,3.35,8,8,347.79,95.42,16.53,1.72,1.40,0.42,1.22,3.44,5.00,1.22,3.44,5.00,14,14,407.20,111.85,21.83,4.54,1.80,0.54
2022/02/02T21:04:39z,84:f3:eb:7d:7:a8,6.01,2.0+OPENLOG+15552 MB+DS3231+BME280+PMSX003-B+PMSX003-A,26,30,0,1002.28,0.05,36568,0,240,0.95,2.47,4.15,0.95,2.47,4.15,10,10,370.96,101.15,20.45,4.00,1.09,0.44,1.53,3.48,4.90,1.53,3.48,4.90,15,15,425.64,122.62,25.53,2.55,1.31,0.97
2022/02/02T21:06:39z,84:f3:eb:7d:7:a8,6.01,2.0+OPENLOG+15552 MB+DS3231+BME280+PMSX003-B+PMSX003-A,27,31,0,1002.27,0.05,36568,0,360,1.12,2.34,3.90,1.12,2.34,3.90,10,10,359.59,98.24,17.07,3.52,1.14,0.00,1.38,3.82,4.51,1.38,3.82,4.51,16,16,402.05,116.47,22.22,3.13,0.69,0.51
2022/02/02T21:08:39z,84:f3:eb:7d:7:a8,6.01,2.0+OPENLOG+15552 MB+DS3231+BME280+PMSX003-B+PMSX003-A,27,30,0,1002.33,0.05,36568,0,480,0.91,2.07,3.34,0.91,2.07,3.34,9,9,328.40,91.72,18.78,2.76,0.72,0.38,1.28,3.37,5.30,1.28,3.37,5.30,14,14,385.21,114.14,26.26,4.00,1.58,0.67
2022/02/02T21:10:39z,84:f3:eb:7d:7:a8,6.01,2.0+OPENLOG+15552 MB+DS3231+BME280+PMSX003-B+PMSX003-A,27,31,0,1002.33,0.05,36568,0,600,1.04,3.11,3.27,1.04,3.11,3.27,13,13,372.91,101.18,22.98,2.32,0.00,0.00,1.51,4.02,5.11,1.51,4.02,5.11,17,17,411.79,118.56,25.74,4.18,1.02,0.63
2022/02/02T21:12:39z,84:f3:eb:7d:7:a8,6.01,2.0+OPENLOG+15552 MB+DS3231+BME280+PMSX003-B+PMSX003-A,26,30,0,1002.32,0.05,36568,0,720,1.56,2.38,3.75,1.56,2.38,3.75,10,10,394.09,107.24,20.04,1.78,1.31,0.80,1.32,3.53,4.39,1.32,3.53,4.39,15,15,427.58,118.93,22.56,4.14,0.70,0.46
2022/02/02T21:14:39z,84:f3:eb:7d:7:a8,6.01,2.0+OPENLOG+15552 MB+DS3231+BME280+PMSX003-B+PMSX003-A,27,30,0,1002.36,0.05,36568,0,840,1.07,1.92,2.88,1.07,1.92,2.88,8,8,357.10,100.24,16.14,1.36,0.54,0.44,1.31,2.50,3.12,1.31,2.50,3.12,10,10,368.64,105.74,19.17,2.07,0.52,0.00
2022/02/02T21:16:39z,84:f3:eb:7d:7:a8,6.01,2.0+OPENLOG+15552 MB+DS3231+BME280+PMSX003-B+PMSX003-A,27,30,0,1002.43,0.05,36568,0,960,0.91,1.79,2.76,0.91,1.79,2.76,7,7,332.07,88.60,17.86,2.69,0.83,0.00,1.26,2.58,3.19,1.26,2.58,3.19,11,11,372.74,106.28,20.30,2.39,0.74,0.39
2022/02/02T21:18:39z,84:f3:eb:7d:7:a8,6.01,2.0+OPENLOG+15552 MB+DS3231+BME280+PMSX003-B+PMSX003-A,27,30,0,1002.41,0.05,36568,0,1080,0.84,2.76,3.03,0.84,2.76,3.03,11,11,323.90,93.22,22.02,2.72,0.00,0.00,0.89,2.44,2.82,0.89,2.44,2.82,10,10,312.42,93.44,16.40,2.49,0.49,0.00
2022/02/02T21:20:39z,84:f3:eb:7d:7:a8,6.01,2.0+OPENLOG+15552 MB+DS3231+BME280+PMSX003-B+PMSX003-A,28,30,1,1002.41,0.05,36568,0,1200,0.75,2.93,4.02,0.75,2.93,4.02,12,12,315.76,91.38,21.24,5.93,0.47,0.47,1.11,2.53,3.63,1.11,2.53,3.63,11,11,329.42,95.26,17.11,2.91,0.88,0.84
2022/02/02T21:22:40z,84:f3:eb:7d:7:a8,6.01,2.0+OPENLOG+15552 MB+DS3231+BME280+PMSX003-B+PMSX003-A,27,31,0,1002.45,nan,36656,0,120,1.02,2.58,2.58,1.02,2.58,2.58,11,11,352.88,102.35,23.23,0.74,0.00,0.00,0.66,2.32,4.22,0.66,2.32,4.22,10,10,321.51,93.88,16.93,5.61,1.76,0.00
2022/02/02T21:24:40z,84:f3:eb:7d:7:a8,6.01,2.0+OPENLOG+15552 MB+DS3231+BME280+PMSX003-B+PMSX003-A,27,30,0,1002.47,0.05,36568,0,240,1.07,2.65,3.09,1.07,2.65,3.09,11,11,367.28,97.63,18.67,2.59,0.44,0.44,0.93,2.62,4.47,0.93,2.62,4.47,11,11,318.72,95.74,21.60,5.03,2.00,0.90
2022/02/02T21:26:40z,84:f3:eb:7d:7:a8,6.01,2.0+OPENLOG+15552 MB+DS3231+BME280+PMSX003-B+PMSX003-A,27,30,0,1002.43,0.05,36568,0,360,0.83,1.98,2.62,0.83,1.98,2.62,8,8,324.10,87.29,17.90,2.41,0.31,0.00,0.75,1.62,3.62,0.75,1.62,3.62,7,7,280.66,85.05,14.57,3.25,1.93,0.36
2022/02/02T21:28:40z,84:f3:eb:7d:7:a8,6.01,2.0+OPENLOG+15552 MB+DS3231+BME280+PMSX003-B+PMSX003-A,28,30,1,1002.45,0.05,36504,0,480,0.63,1.81,1.81,0.63,1.81,1.81,8,8,290.69,79.25,15.53,1.29,0.00,0.00,0.76,1.40,2.73,0.76,1.40,2.73,6,6,281.62,81.38,18.04,2.15,1.42,0.40
2022/02/02T21:30:40z,84:f3:eb:7d:7:a8,6.01,2.0+OPENLOG+15552 MB+DS3231+BME280+PMSX003-B+PMSX003-A,27,30,0,1002.38,0.05,36504,0,600,1.42,2.67,3.53,1.42,2.67,3.53,11,11,400.79,113.95,20.65,1.79,0.35,0.35,1.20,2.58,4.07,1.20,2.58,4.07,11,11,353.24,103.20,21.10,3.25,1.56,0.44
2022/02/02T21:32:40z,84:f3:eb:7d:7:a8,6.01,2.0+OPENLOG+15552 MB+DS3231+BME280+PMSX003-B+PMSX003-A,27,30,0,1002.37,0.05,36504,0,720,1.04,1.75,2.38,1.04,1.75,2.38,7,7,349.09,97.24,15.84,1.20,0.00,0.00,1.57,3.12,4.10,1.57,3.12,4.10,13,13,412.71,121.17,22.10,2.07,1.17,0.34
2022/02/02T21:34:40z,84:f3:eb:7d:7:a8,6.01,2.0+OPENLOG+15552 MB+DS3231+BME280+PMSX003-B+PMSX003-A,27,30,0,1002.53,0.05,36504,0,840,1.37,3.20,5.72,1.37,3.20,5.72,13,13,415.95,119.55,28.15,3.85,2.53,0.43,1.25,3.79,4.23,1.25,3.79,4.23,16,16,405.00,119.16,21.30,2.95,0.56,0.18
2022/02/02T21:36:40z,84:f3:eb:7d:7:a8,6.01,2.0+OPENLOG+15552 MB+DS3231+BME280+PMSX003-B+PMSX003-A,27,30,0,1002.47,0.05,36504,0,960,1.28,3.91,5.47,1.28,3.91,5.47,16,16,426.16,111.86,24.65,4.11,1.33,1.16,1.21,3.33,5.11,1.21,3.33,5.11,14,14,382.68,110.12,21.44,6.28,1.44,0.70
2022/02/02T21:38:40z,84:f3:eb:7d:7:a8,6.01,2.0+OPENLOG+15552 MB+DS3231+BME280+PMSX003-B+PMSX003-A,27,31,0,1002.49,0.05,36504,0,1080,1.04,3.11,4.02,1.04,3.11,4.02,13,13,393.47,108.07,19.61,3.89,0.77,0.42,1.57,3.33,5.31,1.57,3.33,5.31,14,14,426.72,123.53,25.48,3.72,1.97,1.03
2022/02/02T21:40:40z,84:f3:eb:7d:7:a8,6.01,2.0+OPENLOG+15552 MB+DS3231+BME280+PMSX003-B+PMSX003-A,27,31,0,1002.55,0.05,36504,0,1200,2.18,4.12,5.64,2.18,4.12,5.64,17,17,516.32,140.46,24.29,3.93,1.32,0.36,2.02,4.47,5.71,2.02,4.47,5.71,19,19,453.88,132.22,26.34,5.38,1.28,0.45
2022/02/02T21:42:41z,84:f3:eb:7d:7:a8,6.01,2.0+OPENLOG+15552 MB+DS3231+BME280+PMSX003-B+PMSX003-A,27,31,0,1002.50,nan,36656,0,120,1.93,4.60,6.60,1.93,4.60,6.60,19,19,521.14,147.29,24.67,4.19,2.05,0.95,1.68,5.10,8.10,1.68,5.10,8.10,21,21,459.59,136.90,32.56,6.93,3.27,1.51
2022/02/02T21:44:41z,84:f3:eb:7d:7:a8,6.01,2.0+OPENLOG+15552 MB+DS3231+BME280+PMSX003-B+PMSX003-A,27,31,0,1002.58,0.05,36568,0,240,1.69,4.04,6.30,1.69,4.04,6.30,17,17,478.39,135.46,27.37,4.89,2.22,0.48,1.79,4.04,5.79,1.79,4.04,5.79,17,17,426.95,128.12,26.07,4.07,1.68,0.95
2022/02/02T21:46:41z,84:f3:eb:7d:7:a8,6.01,2.0+OPENLOG+15552 MB+DS3231+BME280+PMSX003-B+PMSX003-A,27,31,0,1002.58,0.05,36568,0,360,1.49,3.37,5.10,1.49,3.37,5.10,14,14,420.05,122.92,22.37,3.73,1.69,0.51,1.55,4.43,4.91,1.55,4.43,4.91,18,18,448.40,130.00,28.90,3.66,0.31,0.07
2022/02/02T21:48:41z,84:f3:eb:7d:7:a8,6.01,2.0+OPENLOG+15552 MB+DS3231+BME280+PMSX003-B+PMSX003-A,27,31,1,1002.57,0.05,36568,0,480,1.15,3.05,4.29,1.15,3.05,4.29,13,13,404.14,108.83,21.44,4.31,1.25,0.44,1.80,4.93,5.95,1.80,4.93,5.95,21,21,467.95,134.13,31.84,2.69,1.09,0.73
2022/02/02T21:50:41z,84:f3:eb:7d:7:a8,6.01,2.0+OPENLOG+15552 MB+DS3231+BME280+PMSX003-B+PMSX003-A,26,31,0,1002.58,0.05,36568,0,600,1.15,2.62,2.76,1.15,2.62,2.76,11,11,379.58,111.00,21.56,1.53,0.15,0.00,1.17,3.43,5.25,1.17,3.43,5.25,14,14,392.10,113.38,22.12,4.07,2.27,0.40
2022/02/02T21:52:41z,84:f3:eb:7d:7:a8,6.01,2.0+OPENLOG+15552 MB+DS3231+BME280+PMSX003-B+PMSX003-A,27,31,0,1002.61,0.05,36568,0,720,1.46,3.29,4.29,1.46,3.29,4.29,14,14,433.12,126.66,26.36,2.32,0.82,0.14,1.42,3.68,4.93,1.42,3.68,4.93,15,15,437.10,125.13,24.00,3.13,1.57,0.43
2022/02/02T21:54:41z,84:f3:eb:7d:7:a8,6.01,2.0+OPENLOG+15552 MB+DS3231+BME280+PMSX003-B+PMSX003-A,26,31,0,1002.58,0.05,36504,0,840,0.90,1.97,3.92,0.90,1.97,3.92,8,8,368.40,99.50,18.32,3.43,1.27,1.13,1.30,2.91,3.86,1.30,2.91,3.86,12,12,369.16,105.71,17.98,3.39,0.82,0.64
2022/02/02T21:56:41z,84:f3:eb:7d:7:a8,6.01,2.0+OPENLOG+15552 MB+DS3231+BME280+PMSX003-B+PMSX003-A,26,31,0,1002.69,0.05,36504,0,960,0.72,2.31,4.07,0.72,2.31,4.07,10,10,331.91,91.33,21.66,4.69,1.52,0.72,1.16,3.28,4.07,1.16,3.28,4.07,14,14,353.53,105.86,20.74,2.95,0.81,0.60
2022/02/02T21:58:41z,84:f3:eb:7d:7:a8,6.01,2.0+OPENLOG+15552 MB+DS3231+BME280+PMSX003-B+PMSX003-A,26,31,0,1002.63,0.05,36504,0,1080,1.21,3.14,3.90,1.21,3.14,3.90,13,13,341.38,100.66,23.03,4.38,0.41,0.41,1.12,3.02,5.78,1.12,3.02,5.78,13,13,362.74,108.64,21.24,4.31,2.72,1.62
2022/02/02T22:00:41z,84:f3:eb:7d:7:a8,6.01,2.0+OPENLOG+15552 MB+DS3231+BME280+PMSX003-B+PMSX003-A,26,31,0,1002.63,0.05,36504,0,1200,0.78,2.18,3.47,0.78,2.18,3.47,9,9,299.73,84.49,18.58,4.00,1.20,0.22,0.98,2.46,5.54,0.98,2.46,5.54,10,10,319.05,93.30,22.70,5.72,3.12,1.02
2022/02/02T22:02:42z,84:f3:eb:7d:7:a8,6.01,2.0+OPENLOG+15552 MB+DS3231+BME280+PMSX003-B+PMSX003-A,26,31,0,1002.59,nan,36656,0,120,1.07,2.19,3.64,1.07,2.19,3.64,9,9,359.36,98.60,18.07,2.71,1.48,0.00,1.28,3.92,4.79,1.28,3.92,4.79,16,16,398.77,117.46,28.69,3.79,1.23,0.05
2022/02/02T22:04:42z,84:f3:eb:7d:7:a8,6.01,2.0+OPENLOG+15552 MB+DS3231+BME280+PMSX003-B+PMSX003-A,27,31,0,1002.67,0.05,36568,0,240,1.33,2.71,3.85,1.33,2.71,3.85,11,11,367.75,105.13,22.04,3.24,0.36,0.00,1.36,3.46,5.78,1.36,3.46,5.78,14,14,392.39,116.46,24.64,4.31,2.17,1.32
2022/02/02T22:06:42z,84:f3:eb:7d:7:a8,6.01,2.0+OPENLOG+15552 MB+DS3231+BME280+PMSX003-B+PMSX003-A,26,31,0,1002.66,0.05,36568,0,360,1.17,3.29,4.93,1.17,3.29,4.93,14,14,421.60,116.91,26.53,3.62,1.45,0.00,1.43,3.41,4.89,1.43,3.41,4.89,14,14,429.05,121.09,19.96,4.25,1.68,0.39
2022/02/02T22:08:42z,84:f3:eb:7d:7:a8,6.01,2.0+OPENLOG+15552 MB+DS3231+BME280+PMSX003-B+PMSX003-A,26,32,0,1002.67,0.05,36568,0,480,0.98,2.61,4.14,0.98,2.61,4.14,11,11,364.73,104.49,21.93,3.97,0.61,0.51,1.56,2.87,4.52,1.56,2.87,4.52,12,12,379.22,113.02,19.83,3.63,2.00,0.22
2022/02/02T22:10:42z,84:f3:eb:7d:7:a8,6.01,2.0+OPENLOG+15552 MB+DS3231+BME280+PMSX003-B+PMSX003-A,26,32,0,1002.69,0.05,36568,0,600,1.54,3.09,3.96,1.54,3.09,3.96,13,13,394.16,112.40,19.04,3.05,0.74,0.00,1.00,2.58,2.83,1.00,2.58,2.83,11,11,344.24,98.97,20.17,2.31,0.17,0.17
2022/02/02T22:12:42z,84:f3:eb:7d:7:a8,6.01,2.0+OPENLOG+15552 MB+DS3231+BME280+PMSX003-B+PMSX003-A,25,31,0,1002.69,0.05,36568,0,720,2.26,5.12,8.46,2.26,5.12,8.46,21,21,556.11,156.19,34.19,4.46,3.33,1.89,1.92,3.65,4.78,1.92,3.65,4.78,15,15,434.65,124.40,22.45,2.80,1.40,0.17
2022/02/02T22:14:42z,84:f3:eb:7d:7:a8,6.01,2.0+OPENLOG+15552 MB+DS3231+BME280+PMSX003-B+PMSX003-A,26,32,0,1002.80,0.05,36568,0,840,1.22,3.64,4.03,1.22,3.64,4.03,15,15,396.21,110.90,24.53,2.86,0.45,0.07,1.30,3.07,5.49,1.30,3.07,5.49,13,13,402.32,114.00,24.65,4.28,2.28,1.02
2022/02/02T22:16:42z,84:f3:eb:7d:7:a8,6.01,2.0+OPENLOG+15552 MB+DS3231+BME280+PMSX003-B+PMSX003-A,26,31,0,1002.72,0.05,36568,0,960,1.71,3.78,5.29,1.71,3.78,5.29,16,16,431.28,122.84,21.90,3.48,1.24,0.34,1.64,3.54,5.20,1.64,3.54,5.20,15,15,430.12,124.39,21.66,3.50,1.71,0.82
2022/02/02T22:18:42z,84:f3:eb:7d:7:a8,6.01,2.0+OPENLOG+15552 MB+DS3231+BME280+PMSX003-B+PMSX003-A,26,32,0,1002.78,0.05,36504,0,1080,1.55,3.40,3.40,1.55,3.40,3.40,14,14,443.79,124.05,17.60,1.83,0.00,0.00,2.93,5.21,5.53,2.93,5.21,5.53,22,22,564.10,162.26,26.57,2.48,0.34,0.00
2022/02/02T22:20:42z,84:f3:eb:7d:7:a8,6.01,2.0+OPENLOG+15552 MB+DS3231+BME280+PMSX003-B+PMSX003-A,26,32,0,1002.82,0.05,36504,0,1200,1.05,3.39,4.43,1.05,3.39,4.43,14,14,369.86,104.12,24.71,3.50,1.18,0.71,1.54,3.44,4.80,1.54,3.44,4.80,14,14,450.86,128.47,22.34,3.05,1.25,0.88
2022/02/02T22:22:44z,84:f3:eb:7d:7:a8,6.01,2.0+OPENLOG+15552 MB+DS3231+BME280+PMSX003-B+PMSX003-A,25,32,0,1002.81,nan,36656,0,121,1.37,2.91,4.93,1.37,2.91,4.93,12,12,402.84,112.88,23.53,4.19,1.81,0.28,1.30,4.72,4.88,1.30,4.72,4.88,20,20,435.52,122.32,31.60,4.80,0.05,0.00
2022/02/02T22:24:44z,84:f3:eb:7d:7:a8,6.01,2.0+OPENLOG+15552 MB+DS3231+BME280+PMSX003-B+PMSX003-A,25,32,0,1002.84,0.05,36504,0,241,1.20,2.50,3.61,1.20,2.50,3.61,10,10,389.41,104.36,18.04,2.54,0.71,0.71,1.18,2.42,3.96,1.18,2.42,3.96,10,10,368.05,108.44,18.82,2.91,1.33,0.84
2022/02/02T22:26:44z,84:f3:eb:7d:7:a8,6.01,2.0+OPENLOG+15552 MB+DS3231+BME280+PMSX003-B+PMSX003-A,26,32,0,1002.54,0.05,36504,0,361,0.79,1.95,3.19,0.79,1.95,3.19,8,8,313.55,90.48,20.21,2.38,0.79,0.79,1.26,2.64,3.88,1.26,2.64,3.88,11,11,388.86,109.50,20.79,2.17,1.41,0.86
2022/02/02T22:28:44z,84:f3:eb:7d:7:a8,6.01,2.0+OPENLOG+15552 MB+DS3231+BME280+PMSX003-B+PMSX003-A,25,32,0,1002.85,0.05,36504,0,481,1.05,2.10,2.10,1.05,2.10,2.10,9,9,353.33,96.21,15.69,1.31,0.00,0.00,1.48,3.71,5.50,1.48,3.71,5.50,15,15,440.22,125.21,29.22,3.48,1.55,0.83
2022/02/02T22:30:44z,84:f3:eb:7d:7:a8,6.01,2.0+OPENLOG+15552 MB+DS3231+BME280+PMSX003-B+PMSX003-A,25,32,0,1002.93,0.05,36504,0,601,0.89,2.19,3.84,0.89,2.19,3.84,9,9,346.37,94.32,19.02,2.56,1.33,0.81,0.89,3.05,4.61,0.89,3.05,4.61,13,13,355.34,101.25,24.18,4.68,2.00,0.00
2022/02/02T22:32:44z,84:f3:eb:7d:7:a8,6.01,2.0+OPENLOG+15552 MB+DS3231+BME280+PMSX003-B+PMSX003-A,26,32,0,1002.95,0.05,36504,0,721,1.50,3.11,5.24,1.50,3.11,5.24,13,13,397.83,116.20,24.52,4.07,1.22,0.78,1.95,3.19,4.75,1.95,3.19,4.75,13,13,455.63,131.21,17.89,3.47,1.02,0.14
2022/02/02T22:34:44z,84:f3:eb:7d:7:a8,6.01,2.0+OPENLOG+15552 MB+DS3231+BME280+PMSX003-B+PMSX003-A,25,32,0,1003.04,0.05,36504,0,841,1.52,3.03,5.26,1.52,3.03,5.26,13,13,434.90,125.66,21.28,3.52,2.07,1.21,1.39,4.59,7.32,1.39,4.59,7.32,19,19,424.58,123.15,27.85,5.86,2.75,1.49
2022/02/02T22:36:44z,84:f3:eb:7d:7:a8,6.01,2.0+OPENLOG+15552 MB+DS3231+BME280+PMSX003-B+PMSX003-A,26,32,0,1003.08,0.05,36504,0,961,0.92,2.56,3.12,0.92,2.56,3.12,11,11,360.10,101.22,21.12,1.90,0.64,0.31,0.93,1.67,3.24,0.93,1.67,3.24,7,7,335.50,95.13,13.56,2.85,1.33,0.63
2022/02/02T22:38:44z,84:f3:eb:7d:7:a8,6.01,2.0+OPENLOG+15552 MB+DS3231+BME280+PMSX003-B+PMSX003-A,25,32,0,1003.12,0.05,36504,0,1081,1.05,2.36,3.39,1.05,2.36,3.39,10,10,360.76,105.24,21.66,2.10,0.81,0.34,1.31,3.52,3.83,1.31,3.52,3.83,15,15,428.53,117.67,17.03,2.62,0.45,0.00
2022/02/02T22:40:44z,84:f3:eb:7d:7:a8,6.01,2.0+OPENLOG+15552 MB+DS3231+BME280+PMSX003-B+PMSX003-A,26,32,0,1003.18,0.05,36504,0,1201,1.05,1.56,1.89,1.05,1.56,1.89,7,7,338.29,94.98,14.15,1.42,0.22,0.22,1.37,3.77,4.08,1.37,3.77,4.08,16,16,401.50,119.50,25.50,3.30,0.43,0.43
2022/02/02T22:42:45z,84:f3:eb:7d:7:a8,6.01,2.0+OPENLOG+15552 MB+DS3231+BME280+PMSX003-B+PMSX003-A,26,31,0,1003.24,nan,36656,0,120,0.98,2.07,2.07,0.98,2.07,2.07,9,9,332.23,91.65,12.30,1.44,0.00,0.00,1.37,3.56,4.39,1.37,3.56,4.39,15,15,385.83,115.00,19.95,4.20,0.98,0.44
2022/02/02T22:44:45z,84:f3:eb:7d:7:a8,6.01,2.0+OPENLOG+15552 MB+DS3231+BME280+PMSX003-B+PMSX003-A,26,32,0,1003.31,0.05,36568,0,240,1.91,4.04,4.58,1.91,4.04,4.58,17,17,482.89,135.95,28.24,3.09,0.00,0.00,1.67,3.10,3.71,1.67,3.10,3.71,13,13,444.67,120.71,20.74,2.48,0.52,0.52
2022/02/02T22:46:45z,84:f3:eb:7d:7:a8,6.01,2.0+OPENLOG+15552 MB+DS3231+BME280+PMSX003-B+PMSX003-A,27,31,0,1003.27,0.05,36568,0,360,1.07,2.19,3.05,1.07,2.19,3.05,9,9,401.26,104.61,19.67,1.86,0.49,0.49,1.49,3.36,5.16,1.49,3.36,5.16,14,14,399.98,112.69,22.96,3.38,1.78,0.98
2022/02/02T22:48:45z,84:f3:eb:7d:7:a8,6.01,2.0+OPENLOG+15552 MB+DS3231+BME280+PMSX003-B+PMSX003-A,26,31,0,1003.31,0.05,36568,0,480,1.32,3.20,4.10,1.32,3.20,4.10,13,13,414.76,116.90,22.92,3.02,0.92,0.00,1.53,3.80,4.62,1.53,3.80,4.62,16,16,451.42,128.58,22.02,3.16,1.02,0.87
2022/02/02T22:50:45z,84:f3:eb:7d:7:a8,6.01,2.0+OPENLOG+15552 MB+DS3231+BME280+PMSX003-B+PMSX003-A,25,32,0,1003.37,0.05,36568,0,600,2.86,4.38,6.20,2.86,4.38,6.20,18,18,554.89,154.34,20.96,4.25,1.57,0.00,2.17,4.59,7.69,2.17,4.59,7.69,19,19,546.05,151.81,25.29,5.49,3.19,1.42
2022/02/02T22:52:45z,84:f3:eb:7d:7:a8,6.01,2.0+OPENLOG+15552 MB+DS3231+BME280+PMSX003-B+PMSX003-A,26,32,0,1003.39,0.05,36504,0,720,1.25,3.22,4.60,1.25,3.22,4.60,13,13,388.47,110.58,20.64,4.07,0.87,0.00,2.47,5.61,6.47,2.47,5.61,6.47,23,23,558.92,157.42,28.20,5.92,0.85,0.51
2022/02/02T22:54:45z,84:f3:eb:7d:7:a8,6.01,2.0+OPENLOG+15552 MB+DS3231+BME280+PMSX003-B+PMSX003-A,26,32,0,1003.45,0.05,36504,0,840,1.10,2.59,4.34,1.10,2.59,4.34,11,11,387.76,106.10,22.34,3.83,0.81,0.81,1.49,2.91,4.84,1.49,2.91,4.84,12,12,416.95,119.44,15.37,3.93,2.18,0.21
2022/02/02T22:56:45z,84:f3:eb:7d:7:a8,6.01,2.0+OPENLOG+15552 MB+DS3231+BME280+PMSX003-B+PMSX003-A,25,32,0,1003.52,0.05,36504,0,960,2.00,3.48,5.53,2.00,3.48,5.53,15,15,464.64,136.02,21.72,2.90,1.72,0.38,1.64,3.93,5.35,1.64,3.93,5.35,16,16,462.16,126.98,21.05,4.55,1.82,0.44
2022/02/02T22:58:45z,84:f3:eb:7d:7:a8,6.01,2.0+OPENLOG+15552 MB+DS3231+BME280+PMSX003-B+PMSX003-A,26,32,0,1003.58,0.05,36192,0,1080,1.16,2.42,4.04,1.16,2.42,4.04,10,10,429.95,113.32,19.51,2.35,1.44,0.77,1.93,3.75,4.81,1.93,3.75,4.81,16,16,476.00,133.77,20.61,3.19,1.33,0.00
2022/02/02T23:00:45z,84:f3:eb:7d:7:a8,6.01,2.0+OPENLOG+15552 MB+DS3231+BME280+PMSX003-B+PMSX003-A,25,32,0,1003.47,0.05,36504,0,1200,1.59,4.43,5.44,1.59,4.43,5.44,18,18,489.94,128.11,27.85,3.59,1.19,0.26,1.71,3.83,5.54,1.71,3.83,5.54,16,16,459.41,130.85,25.81,3.05,1.97,0.95
2022/02/02T23:02:47z,84:f3:eb:7d:7:a8,6.01,2.0+OPENLOG+15552 MB+DS3231+BME280+PMSX003-B+PMSX003-A,25,32,0,1003.58,nan,36656,0,121,1.58,3.60,5.84,1.58,3.60,5.84,15,15,457.67,126.49,21.02,4.42,2.14,1.30,2.61,5.15,5.88,2.61,5.15,5.88,21,21,565.39,155.95,28.95,2.78,0.68,0.68
2022/02/02T23:04:47z,84:f3:eb:7d:7:a8,6.01,2.0+OPENLOG+15552 MB+DS3231+BME280+PMSX003-B+PMSX003-A,25,32,0,1003.44,0.05,36568,0,241,1.45,2.89,4.59,1.45,2.89,4.59,12,12,457.66,117.64,21.07,4.21,1.04,0.18,2.05,5.02,6.64,2.05,5.02,6.64,21,21,490.71,146.74,29.64,4.52,1.93,0.72
2022/02/02T23:06:47z,84:f3:eb:7d:7:a8,6.01,2.0+OPENLOG+15552 MB+DS3231+BME280+PMSX003-B+PMSX003-A,24,33,0,1003.46,0.05,36568,0,361,2.09,4.75,6.23,2.09,4.75,6.23,20,20,488.11,141.72,34.05,3.75,1.37,0.74,1.73,4.25,5.73,1.73,4.25,5.73,18,18,446.24,132.22,26.82,3.82,1.45,1.09
2022/02/02T23:08:47z,84:f3:eb:7d:7:a8,6.01,2.0+OPENLOG+15552 MB+DS3231+BME280+PMSX003-B+PMSX003-A,25,33,0,1003.51,0.05,36568,0,481,1.81,5.43,6.33,1.81,5.43,6.33,23,23,497.64,141.05,30.67,5.17,0.90,0.34,1.74,4.28,5.89,1.74,4.28,5.89,18,18,462.33,133.06,23.69,5.41,1.41,0.93
2022/02/02T23:10:47z,84:f3:eb:7d:7:a8,6.01,2.0+OPENLOG+15552 MB+DS3231+BME280+PMSX003-B+PMSX003-A,25,33,0,1003.54,0.05,36568,0,601,1.69,4.16,7.26,1.69,4.16,7.26,17,17,472.97,135.00,32.45,5.76,1.59,1.07,1.95,4.83,7.55,1.95,4.83,7.55,20,20,528.25,148.28,29.37,4.67,2.37,1.80
2022/02/02T23:12:47z,84:f3:eb:7d:7:a8,6.01,2.0+OPENLOG+15552 MB+DS3231+BME280+PMSX003-B+PMSX003-A,24,33,0,1003.55,0.05,36568,0,721,2.02,5.16,6.41,2.02,5.16,6.41,22,22,487.66,139.80,28.91,3.86,1.07,1.07,2.85,6.07,9.37,2.85,6.07,9.37,25,25,556.10,163.17,35.90,6.97,3.47,1.33
2022/02/02T23:14:47z,84:f3:eb:7d:7:a8,6.01,2.0+OPENLOG+15552 MB+DS3231+BME280+PMSX003-B+PMSX003-A,25,33,0,1003.60,0.05,36568,0,841,1.91,4.58,6.88,1.91,4.58,6.88,19,19,525.79,146.58,33.32,5.05,1.30,0.46,1.68,4.38,8.09,1.68,4.38,8.09,18,18,524.73,145.98,27.20,5.61,3.68,2.00
2022/02/02T23:16:47z,84:f3:eb:7d:7:a8,6.01,2.0+OPENLOG+15552 MB+DS3231+BME280+PMSX003-B+PMSX003-A,24,33,0,1003.70,0.05,36504,0,961,1.48,4.17,5.38,1.48,4.17,5.38,17,17,438.52,129.03,25.16,5.03,1.00,0.17,2.09,4.37,5.98,2.09,4.37,5.98,18,18,489.44,143.65,26.11,3.67,1.59,0.52
2022/02/02T23:18:47z,84:f3:eb:7d:7:a8,6.01,2.0+OPENLOG+15552 MB+DS3231+BME280+PMSX003-B+PMSX003-A,24,34,0,1003.79,0.05,36504,0,1081,1.88,3.80,4.89,1.88,3.80,4.89,16,16,452.84,126.59,26.45,2.04,0.86,0.50,1.32,3.61,4.04,1.32,3.61,4.04,15,15,400.61,119.55,21.55,2.75,0.50,0.00
2022/02/02T23:20:47z,84:f3:eb:7d:7:a8,6.01,2.0+OPENLOG+15552 MB+DS3231+BME280+PMSX003-B+PMSX003-A,24,34,0,1003.76,0.05,36320,0,1201,1.95,4.07,4.07,1.95,4.07,4.07,17,17,492.93,136.02,27.00,1.53,0.00,0.00,1.45,3.77,4.77,1.45,3.77,4.77,16,16,412.20,119.87,20.87,4.47,0.90,0.73
2022/02/02T23:22:48z,84:f3:eb:7d:7:a8,6.01,2.0+OPENLOG+15552 MB+DS3231+BME280+PMSX003-B+PMSX003-A,24,34,0,1003.76,nan,36656,0,121,1.43,4.36,5.93,1.43,4.36,5.93,18,18,436.57,127.10,32.33,4.24,1.57,0.14,1.51,3.82,3.82,1.51,3.82,3.82,16,16,432.00,128.49,23.41,2.31,0.00,0.00
2022/02/02T23:24:48z,84:f3:eb:7d:7:a8,6.01,2.0+OPENLOG+15552 MB+DS3231+BME280+PMSX003-B+PMSX003-A,25,34,0,1003.74,0.05,36568,0,241,1.60,3.96,4.36,1.60,3.96,4.36,17,17,427.15,120.47,27.33,2.98,0.25,0.00,1.53,4.44,5.75,1.53,4.44,5.75,18,18,441.89,131.60,28.07,4.42,1.61,0.00
2022/02/02T23:26:48z,84:f3:eb:7d:7:a8,6.01,2.0+OPENLOG+15552 MB+DS3231+BME280+PMSX003-B+PMSX003-A,23,34,-1,1003.85,0.05,36568,0,361,1.23,3.23,5.30,1.23,3.23,5.30,13,13,379.05,111.02,24.75,3.86,1.37,1.37,1.30,3.65,5.19,1.30,3.65,5.19,15,15,418.42,118.51,24.18,4.18,1.54,0.98
2022/02/02T23:28:48z,84:f3:eb:7d:7:a8,6.01,2.0+OPENLOG+15552 MB+DS3231+BME280+PMSX003-B+PMSX003-A,23,34,-1,1003.95,0.05,36568,0,481,1.37,3.26,4.49,1.37,3.26,4.49,14,14,449.47,121.19,24.65,2.60,1.23,0.49,1.72,4.29,6.03,1.72,4.29,6.03,18,18,463.97,135.14,25.69,3.86,1.90,0.45
2022/02/02T23:30:48z,84:f3:eb:7d:7:a8,6.01,2.0+OPENLOG+15552 MB+DS3231+BME280+PMSX003-B+PMSX003-A,23,35,0,1003.99,0.05,36568,0,601,2.47,5.09,7.40,2.47,5.09,7.40,21,21,509.68,144.47,31.44,5.16,2.07,0.46,2.58,6.19,7.49,2.58,6.19,7.49,26,26,550.22,160.88,32.78,5.53,1.56,0.00
2022/02/02T23:32:48z,84:f3:eb:7d:7:a8,6.01,2.0+OPENLOG+15552 MB+DS3231+BME280+PMSX003-B+PMSX003-A,23,35,0,1004.11,0.05,36568,0,721,2.16,4.68,5.51,2.16,4.68,5.51,20,20,507.95,138.33,26.58,3.26,0.91,0.49,2.20,4.50,6.02,2.20,4.50,6.02,19,19,528.45,148.27,28.20,3.57,1.70,0.33
2022/02/02T23:34:48z,84:f3:eb:7d:7:a8,6.01,2.0+OPENLOG+15552 MB+DS3231+BME280+PMSX003-B+PMSX003-A,24,34,0,1004.09,0.05,36568,0,841,2.52,4.43,5.78,2.52,4.43,5.78,18,18,513.67,147.14,26.47,2.93,0.90,0.38,2.23,5.14,7.74,2.23,5.14,7.74,21,21,511.95,144.40,25.72,6.49,2.91,1.23
2022/02/02T23:36:48z,84:f3:eb:7d:7:a8,6.01,2.0+OPENLOG+15552 MB+DS3231+BME280+PMSX003-B+PMSX003-A,23,35,0,1004.13,0.05,36568,0,961,2.97,5.10,5.62,2.97,5.10,5.62,21,21,530.43,144.59,30.84,1.76,0.34,0.00,1.36,3.87,5.53,1.36,3.87,5.53,16,16,415.04,121.31,28.49,5.13,1.64,0.33
2022/02/02T23:38:48z,84:f3:eb:7d:7:a8,6.01,2.0+OPENLOG+15552 MB+DS3231+BME280+PMSX003-B+PMSX003-A,23,35,0,1004.20,0.05,36568,0,1081,2.52,4.07,5.62,2.52,4.07,5.62,17,17,439.60,125.09,26.34,2.79,1.41,0.48,1.84,4.50,6.29,1.84,4.50,6.29,19,19,467.95,135.89,30.38,4.86,1.82,0.82
2022/02/02T23:40:48z,84:f3:eb:7d:7:a8,6.01,2.0+OPENLOG+15552 MB+DS3231+BME280+PMSX003-B+PMSX003-A,23,35,0,1004.23,0.05,36504,0,1201,1.95,4.04,5.76,1.95,4.04,5.76,17,17,433.25,128.95,22.82,3.02,1.20,0.47,1.79,4.53,8.49,1.79,4.53,8.49,19,19,450.95,134.14,30.32,8.18,4.42,1.09
2022/02/02T23:42:50z,84:f3:eb:7d:7:a8,6.01,2.0+OPENLOG+15552 MB+DS3231+BME280+PMSX003-B+PMSX003-A,23,35,0,1004.28,nan,36656,0,121,2.56,4.58,4.58,2.56,4.58,4.58,19,19,488.58,136.74,25.09,2.14,0.00,0.00,1.41,4.36,5.36,1.41,4.36,5.36,18,18,445.31,126.95,26.13,4.46,1.44,0.31
2022/02/02T23:44:50z,84:f3:eb:7d:7:a8,6.01,2.0+OPENLOG+15552 MB+DS3231+BME280+PMSX003-B+PMSX003-A,23,35,0,1004.27,0.05,36568,0,241,1.00,2.98,4.61,1.00,2.98,4.61,12,12,386.79,103.89,18.96,3.75,0.86,0.46,1.41,3.24,4.64,1.41,3.24,4.64,14,14,409.60,116.05,24.00,2.69,1.34,0.48
2022/02/02T23:46:50z,84:f3:eb:7d:7:a8,6.01,2.0+OPENLOG+15552 MB+DS3231+BME280+PMSX003-B+PMSX003-A,23,35,0,1004.31,0.05,36568,0,361,1.20,2.83,3.46,1.20,2.83,3.46,12,12,357.61,99.76,18.81,2.44,0.51,0.00,1.16,3.25,3.25,1.16,3.25,3.25,14,14,377.04,107.07,21.93,2.29,0.00,0.00
2022/02/02T23:48:50z,84:f3:eb:7d:7:a8,6.01,2.0+OPENLOG+15552 MB+DS3231+BME280+PMSX003-B+PMSX003-A,22,35,-1,1004.42,0.05,36568,0,481,1.03,3.61,4.83,1.03,3.61,4.83,15,15,387.41,112.97,25.69,1.59,0.75,0.34,2.12,4.23,5.73,2.12,4.23,5.73,18,18,460.50,132.82,21.75,4.61,1.36,0.86
2022/02/02T23:50:50z,84:f3:eb:7d:7:a8,6.01,2.0+OPENLOG+15552 MB+DS3231+BME280+PMSX003-B+PMSX003-A,23,35,0,1004.41,0.05,36504,0,601,1.53,3.60,5.04,1.53,3.60,5.04,15,15,378.84,105.75,19.67,4.84,0.91,0.14,1.20,3.28,3.92,1.20,3.28,3.92,14,14,370.70,105.23,19.80,3.60,0.33,0.33
2022/02/02T23:52:50z,84:f3:eb:7d:7:a8,6.01,2.0+OPENLOG+15552 MB+DS3231+BME280+PMSX003-B+PMSX003-A,23,35,0,1004.46,0.05,36504,0,721,1.75,3.61,5.54,1.75,3.61,5.54,15,15,433.98,115.79,21.71,4.11,2.00,0.36,2.07,4.50,6.88,2.07,4.50,6.88,19,19,465.55,141.53,26.90,5.30,2.63,0.77
2022/02/02T23:54:50z,84:f3:eb:7d:7:a8,6.01,2.0+OPENLOG+15552 MB+DS3231+BME280+PMSX003-B+PMSX003-A,23,35,0,1004.55,0.05,36504,0,841,2.07,3.91,4.64,2.07,3.91,4.64,16,16,396.93,115.67,18.55,3.17,0.76,0.00,1.88,3.71,6.07,1.88,3.71,6.07,15,15,484.22,135.41,23.61,3.56,1.66,1.39
2022/02/02T23:56:50z,84:f3:eb:7d:7:a8,6.01,2.0+OPENLOG+15552 MB+DS3231+BME280+PMSX003-B+PMSX003-A,23,35,0,1004.47,0.05,36504,0,961,2.41,4.66,5.61,2.41,4.66,5.61,19,19,469.68,135.25,23.69,3.02,0.71,0.54,1.50,3.70,5.62,1.50,3.70,5.62,15,15,434.09,126.54,22.79,3.07,1.71,1.32
2022/02/02T23:58:50z,84:f3:eb:7d:7:a8,6.01,2.0+OPENLOG+15552 MB+DS3231+BME280+PMSX003-B+PMSX003-A,23,35,0,1004.42,0.05,36504,0,1081,1.38,3.19,4.86,1.38,3.19,4.86,13,13,403.97,109.72,21.91,2.66,1.52,0.62,2.05,4.25,5.70,2.05,4.25,5.70,18,18,485.58,134.30,23.16,3.82,1.40,0.98